Compund	900_1	900_2	900_3	900_4	900_5	738_1	738_2	738_3	738_4	738_5	962_1	962_2	962_3	962_4	962_5	862_1	862_2	862_3	862_4	862_5	876_1	876_2	876_3	876_4	876_5	BHB_1	BHB_2	BHB_3	BHB_4	BHB_5	947_1	947_2	947_3	947_4	947_5	341_1	341_2	341_3	341_4	341_5	908_1	908_2	908_3	908_4	908_5
Ethyl alcohol 	355043	285147.6	223528.3	305472.7	182103.3	418125.4	182048.3	252526.6	379308.5	323884.2	920602.6	653867.3	628411.1	191602.5	443469.9	764404.2	563931.5	590480.5	592022.4	196656.4	245451.5	148431.0	295820	143591.3	202104.4	332940.7	234441.4	440474.1	214912.1	191935.4	119739.7	104395.2	107753.8	121456.9	358953	154908.8	85075.0	553203.1	402942.5	359809.5	222023.4	379660.6	381645	1026953.9	694719.1
2-Propenal 	7564.2	8361.1	11100.3	13447.3	11677.8	8449.7	9441.6	16811.1	16689.3	16150.5	10944.6	13705.3	10929	10512.4	8985.7	10024.8	12324.4	7486.6	8672.7	7979.4	6490.6	7707.9	9427.3	7870.1	9531.4	6383.7	6470.8		13407.5	8392.6	10497.9	32733.1	21656.8	12956.7	14444.8	15683.1	10615.6	13520.3	16484.7	18652.8	14638.1	14373.8	17889.3	18365.3	18904.9
Trimethylamine 	72938.6	83503.9	147989.4	96275.6	91962.9	65635.4	85132.4	84801	80386.9	81068.7	94597.8	127857.3	75315	129951.8	101414.5	126232.2	100933.8	89161.9	94381.4	78168.2	72994.3	64484.5	100297.9	96139.5	89549	119999.8	73138.4	213552.8	108356.3	97623.3	79599.8	88468.2	195318	173171.1	105387.2	80272.8	71484.0	83581.7	117486.8	152165.6	100854	90335.3	165602.6	110791.1	106128.4
2,3-Butanedione 	295250.5	241418.3	169745.8	229289.2	192125.3	245609.4	231257.3	221779.3	232372.8	205311.3	366095.2	330908.3	272942.6	215828.3	212547.6	260381.6	316944.2	247914.6	244585	237324.6	160509	143701.7	238480.3	152194.4	161573.7	315663.8	195970.2		159797.4	133171.1	159451	114868.7	135717.1	121383	137376.8	173719.8	144952.7	229222.9	181677.1	196123.5	164836.6	207178.2	125998.4	257375	176756
2-Methylpropanal	638309.8	499058.7	431929.4	475227.3	477730.3	494310	576615.6	450065.3	400834.7	437955.4	527475.6	567719.3	489115.3	540468.5	451284.4	398741.7	323324.5	393398.2	187753	231515.6	627079.4	611238.9	611598	551828.2	663473.1	794372.4	568787.2	465510.2	431850.9	439091.6	350686.3	274788.9	201088.7	222554.6	203712.2	368571.9	313309.1	313393.1	256543.5	355470.7	179001.9	172879.5	108940.2	128356.5	105064.9
2-Butanone 	603870.8	501525.1	420013.1	453162.4	447871.1	465640.7	579278.6	454185.3	394370.7	414766.2	499470.9	551573.4	469134.4	522484	448528.5	432247.5	313788.2	389087	228554.9	238070.9	679599.6	642380.6	597703	639744.9	652899.4	764120.4	557528.6	457466	466992.4	436433	320674.8	250996.3	197204.9	216103	209340.3	370917.6	304328.6	294278.4	271890.6	355508	170187.5	159097.2	118476.3	143673.7	100015.4
2-Propen-1-ol																21236.4	22668.7	16071.9	15886.1	12010.1	16878	16455.7	16462.6	12997.4	15159.7			27222.1	42957.3	35175.3	28611.9	23969.6	18355	21632.8	19756.3	32908.7	28973.7	26748.2	24502.1	32158.7	18335.7	15130.9	11144.5	14874.5	11422.7
2-Ethoxy-2-methylpropane	11492.6	10421.5	10751	9453.9	10999.8	11064.6	13101	13854.2	13395.5	13109.4	7662.3	9883.8	8436	7149.2	9394.5	6958.7	8997.4	7464.6	8572.4	8023	4232.3		3785.1	2623.8	2817.4	11280.6	9097.9	13734.3	7820.5	7357.3	5750.3	4178.8	3697.4	3356.7	5057.5	4666.7	3875.8	5528.8	4753.1	5923.5	2560.3	3844.3	2952.2	4030.5	3310
3-Methylbutanal 	3681.5	2933.1	3681.5	3379.7	3516.5	1987.3	3734.7	2394.9	2243.5	1543.6	2359.9	1771.5	3743.9	3054	2742.5	2538.6	2393.8	3124.6	4620	2448.2	2213.5	1964.8	2380	2753.9	2286.4	4293.1	3216.4		2819.7	2088.6	2230.8	1784.0	1361.3	1473.2	1905.3	2636.4	2342.3	2280.6	2577.7	2143		2155.5	2056.8	2740.8	2017.3
Amylene Hydrate	10622.4	11379.3	7443.6	10031.7	7859.7	6540	9792.1	7207.6	7243.6	11043	8852.3	9008.6	9717.5	9320.2	9875.4	9250.4	9943.6	9045.3	8379.3	9395	7070.3	4056.3	5234	5295	4658.1	13103.9	9564.6	9601	9227	8991.4	7578.3	7934.8	6226.8	5071.5	7121.5	6965.2	6044.1	8585.3	7398.6	8655.4	6523.4	6093.2	6407.8	7982	7054.7
Benzene 	4921.7	4985.7	3458.7	22913.1	5280.7	3836.8	5702.5	5565.6	7133.6	4059.5	3571.4	6226.5	3462.6	3004.8	3840	5798.1	4316.7	3282.2	6269.2	7016.5		2897.4	7047.9	5046.7	8259.1	3536.3	4796.1	6585.9	10422.9	4074.8	2964.6	3936.6	5591.3	3916.5	3823.6	5921.9	5377.8	4541.9	4089.6	4420.3	6358	4756.5	4957	7271.4	75106.7
3-Methyl-2-butanone 	111184	113016.7	95838.9	97040.6	106724.8	64666.2	114036	70936.4	67100.7	82788.7	40484.6	42978	37259	41249.6	33023.6	78615.8	78635.9	56472.9	49397.5	55196.8	39371	35970.4	38218.1	35765.7	31694	68482.7	60460.5	54919.1	53296.5	52147.6	69084.3	64572.9	51049	58918.2	63013.7	52757.3	45875.3	52029.2	44687.2	68834.6	46910.9	36576.5	28271.2	41720.4	35648.9
25	37602.8	24087.2	34075.9	34770.4	39225.1	17695.5	43919	61229.7	38111.9	42964.9	22509	26479.6	23915.3	28290.7	19965.1	32047.1	42719.6	47710.6	42102.5	40035.8	40037.8	28850.0	56081.3	41672.5	50779.6	57249.8	48480.7	416388.9	40342.4	59184.1	44259	34575.2	31939	49246.4	61971.9	52053.2	23267.1	49825.3	26338.3	50386.2	36885	37905.3	30666.4	69984.8	42253.9
1-Butanol 																																													
2-Methylbutanal																																													
Acetic acid 	15941.6	17893.9	319017.4	60238.3	41795.2	39253.3	97741.7	346741.2	48782.9	17223.8	22323.4	33173.8	48180.7	33119.1	37213.5	31847.6	17365.5	11913.4	218865.7	73829.1	40653.6	17583.2	11229.9	40887	63946.5	94222.9	19851.3		134732.1	25885.5	72764.5	35405.5	57274.9	24584.8	21599.7	31498.8	63897.2	17127.5	9495.3	25923.2	56937.5	39242.0	10210.1	10441.1	29017.1
2-Pentanone	56207.7	44517	52396.5	39075.7	39519.3	148368.7	170158.36	191220.4	134178.5	148482.8	88151	78887.1	100745.2	72879.6	66916.3	51045.8	69000.3	43793.5	39254.9	49101.6	31317.4	44719.3	31038.2	52365.7	55464.3	64925	44874.7		53404.3	39152.2	52406.5	58557.5	53880.9	42281.9	49500.1	34784.5	61588.2	31794.7	31359.8	41572.7	51863.6	44196.4	35395.6	45864.3	37705.8
Heptane																																													
2,3-Pentanedione						9920.2	17655.9	16534.5	16378.7	20066.2																15068.2	17675.8		16704.9	18526															
1-Penten-3-ol 	13331.4	8786.4		12021.1	10859.4	12087.3	13774.1	16917.5	6898	19871.3	6977.1	7484.8	7851.8	6820	6800.5	11201.1	13710.9	11234.1		12862.8	2662.2		2271.3		2985	16675.8	16592.0		14576.1	15000.6	9580.7	9074.0	7669.4	7724.7	7202.1	10811.9	9944.4	10745	9124.1	11379.2	10097.6	10362.1	18435.6	10204.3	9208.4
Pentanal	1320.4	1481.3	2767.1	3217.7	2194.6	2086	3307	7236.3	11603.8	4338	3429.3	3819.5	2593.4	1864.2	1503.5	3776.5	4118.5	3329.8	3002.2	3120.9	4356.6	3828.6	6924.7	4274.8	4010.4	1905.8	1871.2	75513.5	5116.6	4112.1	3594	7683.1	7375.1	12960.4	3889.6	7112.2	3088.9	3201.3	4970.8	5814	4380.1	4000.6	10901.2	7847.7	4067.7
1-Hydroxy-2-propanone 	35068.1	58680.3	60930	69904.1	66907.6	118604.5	134068.8	120625.1	128582.1	34636.2	81157.3	25355.8	74089.6	63603.3	57032.8	36330.8	44708.6	73222.6	158556.2	114826.4	65325.8	39139.1	648291.4	610704	332853.3	57353.2	42084.1		121065.6	49580.4	118483.1	55270.5	61698.5	57836.6	62503.7	110523.2	103216.7	54442.6	46881.6	75023.5	43008.7	101707.9	52927.1	50284.7	33760.7
Propanoic acid  	2724.7	2560.3	5425.5	6467.1	6997.8	2554.3	5528.2	13271	4609	2449.6	4481.1	4440.9	4091.5	3523.7	4996.6	3150.3	2251.9	2251.3	7108.5	7914.2	3676.9	2130.9		2189	2044.5	3279.4	3745.9		5713.9	2879	4251.4	1634.3	2280.2	2425	1794.4	2833.9	2054.1	3051.7	2215.1	3539	3645.2	7027.7	1953.1	2906.8	5344.3
n-Propyl acetate																																													
3-Hydroxy-2-butanone																					3099234.1	2785308.8	1869808.6	2185963.2	1127675.5																				
3-Methyl-1-buten-1-ol 	2585.3	2928.5	2573	2584.5	2517.1	2264.1	2488.3	4897.9	5037.4	4265.9	2812.6	2573.5	3487.5	2071.9	1893.3	2723.7	3207.0	2598	3291.5	4280.7	2187.6	2199.6	2665.1	3000.6	2012.7	3449.8	3815.2	3113.6	4049	4281.1	3457.5	4849.4	4210.3	4415.2	4618.6	3569.8	1222.1	3681.6	2549.7	2925.2	1864.8	1544.0	2908.6	3920.1	2118.4
2E-Penten-1-ol						14341.4	17048.5	21782.1	17681.1	14455.6	6608.5	6454.4	5551.6	4661.4	5499.5	17053.1	15048.6	16557.6	14602.1	17145.4	4497.3	5161.0	6890.7	4621.8	4456	11542.3	9657.7		9609.3	8678.6	10652.2	11618.5	9028.1	9479.2	11325.4	9741.4	8144.6	10270	8208.5	9730.1	11475.8	10949.9	14637.1	11183.1	8222.2
4,4-Dimethyl-2-pentanone	144896.3	132209.7	103381	126013.6	135596.9	56703.5	70259.3	63006	62920.9	65122	25188.6	32167.1	30185	24325.9	30795.1	73278	74046.0	90108.1	56297.1	57872.8	309836.4	243159.2	169671.6	24097.8	145465	39536.9	36513.1		31731.1	31201.4	36682.6	35470.6	28079.8	32125.1	42014.2	33604.8	30754.8	36573.1	31142.3	34248.6	43279.8	43305.2	63320.5	42946.6	38200.1
Methyl Isobutyl Ketone	72661.5	64589.6	50256.2	64696.7	63971.2	29507.7	33909	33280.1	30805	32365.1	14144.3	16225.8	13388.7	11361.8	13567.7	25902.7	31534.9	26218.1	21375.9	29641.9	14069	11596.5	13814	10645.4	9464.8	19717.8	19429.8	18846.2	18968.5	19369.7	18707.4	21002.3	14444	18087.7	19336.8	15628.7	15022.8	17495.3	16619.3	18736.5	20025.1	22166.3	28829.1	20775.5	17429
2Z-Pentenol	7684.8	5059.6		7044.2	5575.6	7025.7	7267.6	4694.7	7067	4997.7	2677.6	3683.7	2992	3274.3	3140.5	6371.8	6913.5	6490.2	4732.3	5287.8						5731.6	4612.1	5365.5	3729.2	3677.4						3708.9	3221.7	2922.4	3286.3	3511.5	4607.4	5923.7	4005.3	3647.9	3619.7
Dimethyl disulfide	8125004.7	5567846.4	5699000.8	5755108.1	7148966.2	7424492.8	8320737.4	8430521.2	7343570.7	7447108.8	3223409.7	3348029.3	2993630.6	4583919.5	3380813.5	5860814.5	5199488.2	5297507.9	5012043.5	4794940.7	941520.6	806861.2	985870.9	940208.1	1093124.4	6743722.9	4017562.5	5541975.2	4548310.5	3765625.8	1883264.3	1470138.7	2231810.4	2209721	1598946.3	4036827	2944812.2	3453221.4	2694548.7	4343788.2	4333486.2	3347702.9	3583069.8	3920802.9	3681546.7
520	638963.8	567713.9	474816.8	547843.5	569061.5	497303.9	610307.9	535544.8	478367	577966.5	189580.7	219244.9	209327.6	182586.3	197130.5	1079278.9	1253260.9	1114237	868046.9	1125016.2	212384.5	191192.9	200580.6	305686.4	213700.8	603181.3	504039.9	1488357.7	490212.7	489025.7	572959.4	567653.8	436480.8	557273.6	505309.5	417343.4	359953.5	420074.3	361876.8	481831.3	254313.9	249804.1	251353.3	262236.1	215104
2,2,3-Trimethylpentane	279298.7	242240.8	201995.4	232256.1	238865.5	214766.5	266334.6	225300.7	202940.8	245255.9	77488.2	90307.2	83672.2	82394	78832.8	450535.6	518970.0	476882.5	373161.3	483949.1	88632.1	74629.6	85617.6	72432.4	63292.5	252703.3	222390.8	183569.7	206554.6	214110.2	241497.3	235394.4	192024.6	238073.9	211448.8	170672.7	154946.2	174807.2	150978.6	199213	103069.8	104039.6	104859.6	107721.7	88298
Pyridine																																													
3-Methyl-1-butanol	9902.8	8426	8240.4	7529.9	8478.9	7785.6	8002.2	10348.9	9739.7	9798.7	7481.2	10052.6	8403.1	8364.2	7170	9682	9140.4	9017.1	8242	9572.5	7136.1	7650.4	8536.4	8411.8	7954.3	10053.2	8748.3		10390.6	9064.8	8048.5	9641.0	7882.1	10871.4	8258.5	8065.7	5875.0	6807.3	6100.5	8308.6	7941.5	5569.4	6081.8	8371.9	5810.4
1-Pentanol	7094.4	7246.1	7394.5	6795	6765.2	7133.5	8541.7	9522.2	8754.2	10637	4633.2	8964.4	6503.4	5861.4	6209.7	7847.9	8385.0	8042.2	7129.7	7996.1	5646.7	6091.6	7780.6	7924.2	6856.5	8710.6	7754.8	9744.9	8507	7986.2	5723.7	8547.8	9230.5	9527.9	6365.5	8089	4404.0	5924.6	5129.8	6784.9	6051.8	4597.8	6447.6	6789.9	4955.3
2,2,5,5-Tetramethyltetrahydrofuran	16459.3	16729.1	12792.2	14544.7	15103.7	15444.6	16823.8	18032.5	16966.1	21723.8	14235.1	18566.6	14544.2	14160	13343	15395.1	18593.1	16906.3	12679.8	15912.8	10193.6	7770.4	11845.2	8372	7218.6	18812.5	16812.6	13507.6	17442.2	15706.6	13717.3	16446.8	17263.7	18350.5	13386	15040.5	9318.5	12697.2	10053.5	13927.1	12950.1	10425.6	11706.4	13762	10252.2
Toluene	25286.2	22206.8	25009.2	21524.1	26280.7	27371.3	25765.2	43330.1	35285.6	31895.4	27008.8	22038	24410.4	22824.9	23302.6	21754.5	23116.0	30662.5	37060.3	38328.4	27421	30683.6	35722.2	34531.8	41377.3	24593.7	30450.8	68100.5	54191	44470.5	21093.9	36508.5	40816.9	62053.5	34756.7	35519.1	35994.2	40340.3	50616.5	37847.8	21542.7	39776.6	38535.3	42368.6	38272.6
551																					72015.1	58147.5	62322.1	60735.8	45958.8																				
3-Hexanone	1265.2	1256.9		1209.1	1068.5	2534.9	2443.8	2559.1	2879.3	2329.8	1277.8	1171.8	1394.8	1150.5	1043.5	1316.1	1800.1	1436	1365.9	1792.8	1283.3		1115.2	1117.7		1840.2			1976.7	1878.7	1496.2	1283.9		1438.5		1599.2	1051.4	1473.5	1157.5	1996.4	1062.9	1296.9	1024.9	1340.1	
2,2,4-Trimethylhexane																																													
2-Hexanone	1514.4	1154	1668.3	1705.9	1984.4	2713	3616.2	4444.3	4221.5	4346.5						3497.3	4299.9	3870.8	3664.1	3700.7	3157.5	2769.1	3719	3300	3597	2482.2	1538.2	3834.2	2115.6	1959.7	2194.9	2694.6	2252	2073.3	2253.7	1406	2115.0	2328.9	2138.5	2404.1	1339	2026.8	1623.7	1584.9	
Cyclopentanone	41392	36370	33877	33801.1	40371.4	72147.7	80788.4	89583.9	70180.8	80583.7	34617.6	34910.6	37772.9	34207.5	33764.5	28959.8	35915.1	27509.6	30278.3	30276.2	27280.1	26733.2	30253.6	26867.6	24858	74221.9	63800.6	107485.1	60862.7	52033.7	40013.9	29963.8	37984.3	34707.3	43335.7	70244	46157.3	60876.5	53474.8	65713.6	42328.7	40253.6	46592.6	47257.6	38529
321	11329.6	5201.7	4248.3	9440.1	13903.5	3807.8	10270.4	16779	13360.6	17251.1	4810	7899.4	7645.4	9796.6	5577.9	13331.3	15403.5	14649.8	18735.9	15437.1	9951.9	9743.9	19692.4	10809	23130.2	17720.5	13647.1	104115.7	17893.1	21476.5	8822.6	8717.0	21257	20546.1	14951.3	17608.4	13727.5	17660.2	13676.8	21368.1	16670.1	13993.2	10743.8	19156.6	15264.7
Octane						8534.6	4259.3		7848.2	7199.4	8839.6	6986.9	12488.5	8461.4	10032.8																														
4-Methyl-3-penten-2-one	27313.4	21036.1	20562.5	22298.8	25678.3	19508	21255.2	20381.3	20486.8	20198.9	19824.6	14190	20012.3	14999.8	15100.9	182641	225923.7	194257.2	153511.9	205722.1	42018.2	40466.7	42658.2	35725.7	33498.9	25526.5	20673.6	16772.9	18662.8	18761.3	17682.1	17411.5	11573.5	17699.4	16424.1	15589.8	13811.3	18550.4	15750.2	19008.5	16446.6	15196.3	15809.5	17175.1	11401.6
Hexanal	2065.4	2971.6	4694.8	3863.8	4716.3	1698.3	2933.3	5316.8	4808.9	4514.4	1677.4	1880.5	3814.9	3600.4	2818.6	4165	4547.3	5539	3484.7	5944.3	4221.4	4475.2	7332.2	8931.7	5762.6	3083.6	1376.7		6399	4499.5	2719.4	2377.0	5502.2	4689.6	4908	3288.9	1648.5	5442.6	4916.4	5580.3	1896.2	1786.5	7058.3	5373.9	3804.4
2-Cyclopenten-1-one																																													
2,3-Butanediol 	12563.2	10647.6			9666.4	40846.6	46186.2		30228.1	32985.9											21791.7	36049.9	52450.3	38998	49789.3	36747.8	31005.1	46825.9		60698.3															
552																					16652.8	19378.1	20507	25980	22593.6																				
Butanoic acid 	1839.8	4339.4	65527.4	5944.9	7390.2	4261.1	4782.6	23195.1	8729.7	4500.4	4694.9	4679.2	3037.7	2722.1	3494.8	4686.8	3502.6	3934.1	10901	6604.9	2092.4	2765.7	2553.7	3486.9	6967.8	5214.5	4189.6		4781.9	5139.3	2676.9	2921.9	4355.2	2826.3		3217.7	2995.8	3736.5	4484.1	3628.4	2010.2	5302.4	4880.9	3705.7	4858.3
72							1920.3	3690.2	2224.3	2003						1041.7		1031.1	2346.5	1530.5			1300.6	1845.7	1869.9	1362.7	1889.3		4136.7	1502.9						1521	1812.1	1473.5	1348.2	2408.7	1901.9		1108.1	1468.7	1317.4
2,4-Dimethylheptane	4040.8	3260.5	3959.1	3023.2	3651.4	2790.9	3469.8	2471.1	3319.1	4453	3798.6	3687.2	3959.8	4073.7	3235.7	4045.7	3013.2	3650.7	3009.9	3987.3	3622.5	3018.9	3696.6	3700.7	4112.3	4574.9	4597.6		4562	3984.7	3072.8	3412.1	4133.2	4063.3	3563.6	2216.4	2592.9	4512.8	1989.8	3701.1	3370	6581.0	9160.6	3363.5	1799
36	335391.6	314038.7	226976.3	238582.8	253750.6	260041.3	237338.9	293610.1	283704	301484.4	300034.8	238001.7	300781.7	273453.2	256038.5	291973.8	295232.4	259479	252052.1	278225.3	242670.3	274708.4	280370.1	295328.2	301807.6	308037.5	381936.4	305480.8	292893	297617.9	260636.7	250785.1	363457.1	359641.5	297237.8	289316.6	284437.6	314468.9	307797	351312.9	329472	311981.3	342060	366780.6	263855.4
Ethyl 2-methylbutyrate	9024.8	8246.9	7674.7	5876.7	7245.8	5981.5	6390.8	8787.8	9272	9273.5	6991.8	6231.4	6900	6775.7	6246.5	7640.7	7190.9	8036.1	6836.8	8312.8	8396.9	8319.8	10026.9	10256	10820.5	7681.6	10510.0	9517.1	8900.7	8402.4	6534.9	6083.0	11064.7	10778.6	7583.2	4970.1	7592.1	9712.8	6525.2	7325.3	8291.3	9160.8	11274.7	9458.8	4182.1
Furfural	11109.3	16579.4	13529.4	31561.7	15235	23710.9	28495.3	38838.7	28806.2	8549	21859.2	3492.7	18075.4	15804.1	13266	8362	21386.5	9559.7	26982.9	16638.6	9790.2	5079.9	18016	24182.9	16225.8	8528.9	6562.5	45064.4	130745.2	11637.3	31020.5	17968.4	14338.1	12543.4	18924.5	24443.5	24108.6	10565.5	14878.1	31756.4	14468.6	22548.5	11191.6	15149.2	12732.1
2,4-Dimethyl-1-heptene	8197.2	6400.2	7115.3	7846.6	7461.6	5658.8	7088	7551.1	6339.2	7651.7	6424.2	7453.2	8246.2	8209.1	8069	6441.8	6878.4	7956.7	6527.9	7717.5	6058.1	4613.6	6705	5575.9	4929.1	5853.2	4944.4	5688.1	4698.8	4012.5	4911.2	5135.0	4807.9	5122.4	4170	2485.7	2537.6	3598.4	2779.4	3393.4	3340.8	3117.1	3481.1	3911.3	2627.3
2-Methyl-1H-Pyrrole	2172.2	2364.2	68552.1	4784.2	6942.8	5201.9	6055.7	28171.5	12639.5	8977.1	4283.9	3095	5989.8	6907.3	5094.8	3546.9	5293.0	7185.2	34006.5	10920.6	3168	4397.4	11155.7	8174.4	12878.5	11940.4	2874.5	307940.5	14005.8	11934.1	3366	3050.8	9786.2	11311.9	6793.8	4346.5	3560.1	10378.6	9082.5	11533.4	3639.7	3023.8	11924.7	12048.7	10362.1
4-Hydroxy-4-methyl-2-pentanone	9520.8	8173.8	11603.9	11183.8	15103.3	5337.3	9055.7		6264.8		7720.3		12405.5	5936.5	7993	25169	19558.2	29809	28483.3	32650.4	13286.6	12108.3	10137.8	7074.3	9017.3	13113.4	10580.6		14502.9	13727.4							4803.2	4507.6	3439.4						
Isovaleric acid	1408.5		15443.2	1297.9	1326.5			4454.9	2984.4	1903.7																																			
2,4,5-Trimethyloxazole 	13170.7	3220.3	13436.3	4259.7	2370.7	2729.6	2603.2	2968.4	2338.2	3105.9						12695.7	11554.6	26795.6	9958.7	3011.2	872654.9	943328.6	1069070.4	1395358.6	902595.4	4096.5	14847.6	20495.8	3948.7	3305.4	14476.1	13073.3	4215.3	3582.3	4128.2										
Crotonic acid	4823.7	5896.9	3849.5	5062.4	5109.2		5620.9	6017.5	7329.2	4244.6	4250.3	4634.9	6310	5189.9	6567.7	6325.5	3663.5	6755.7	5650.4	4033.4	4008.9	4412.6	5011.3	6977.8	5469.7	4171.6	4881.3		4732.6	4160.3	4483.5	4093.2	3805.2	6048.8	5394	3369	4811.6	6216.2	6304.5	8065.6	6885.3	5391.2	5301.2	7486.6	4929.8
5-Methyl-2-hexanone 	88063	81690.7	78330.4	72810.8	95164.5	11644.3	12347.5	19571.6	13799.2	14372.1	3462.1	2621.6	3897.5	3519.5	3191.4	38649.8	50437.1	42885.8	46402.6	51323.7	12582.2	16122.1	15741	15476.2	12699	11689.8	10302.7		10109.9	8792.2	10238.5	8926.5	8419.7	8378.1	8159.1	7355.1	6225.2	8958	7225.7	7828.5	3958.3	4868.3	4199.4	4366.7	3251.6
Ethylbenzene	45636.9	34639.1	35545.8	37004.7	40871.3	36570.3	38760.4	39857	35696.6	37403.4	35889.2	38692.9	38108.9	40338.3	37333.9	42297.1	41376.5	42885.1	36541.7	42748.6	30136.1	29340.5	29196.6	28663.8	23905.4	54638.7	43203.9	35927.8	41007.5	37222	29768.1	32045.4	26723.4	31943.3	27364.1	31164.9	28932.6	32788.8	29084.2	38123	31448.6	29585.5	21402.5	31542.6	26142.4
4-Methyloctane	1782.2	1439.8		1577.2	1765.9						1088.2	1410.2	1752.8	1907.6	1553.1	1606.4	1546.3	1676.7		1550.5	1226.5	1192.8	1468.8	1456.2	1280.6		1453.2		2247.8	1610.7		1508.8	1194.2	1310.7	1066.4						1190.4	1495.6	2594	1363.5	
3-Methylpyridine 	50577.5	48960.4	71666	46809.9	50346.2	46092.1	43972.7	70992.8	47044.5	44968.2	34495.7	31761.1	39589.4	39962.2	38449	39360.4	43761.9	41723.6	48924.5	49191.4	40903.9	39468.1	40974.5	40528.5	48039	54133	43118.3	360482.2	53155.6	45683.4	48029.4	44483.2	47730.2	47596.1	44221.8	42038.4	46460.6	47618.5	45560.6	49279.7	43241.5	45849.3	42094.5	48719.1	39719.4
Dimethyl Sulfoxide	2028.1	1845.9	1427.9	2070.9	2640.5																																								
2-Furanmethanol 	5133.4	3746.9	85034.5	6645.9	5783.7	13963.8	18684.2	37061.3	12757.8	3972.6	4675.5		6223.2	3663.4	5292.1	4460.1	5776.3	3227.8	49531.8	10001.4	10218.3	6283.8	10665.6	15607.6	20569.8	23180.1	3492.6	244988.3	8473	3352.4	11013.1	3079.2	4070.5	4035.3	2959.2	8470.3	5884.1	4009.9	3450.7	6444.7	4016.9	8177.8	4160.6	5643.9	
p-Xylene	116689.6	94357.4	88670.5	97446.9	108187.5	98400.2	100302.1	96643.9	94741	94487.1	94319.3	100956.5	100637.2	107326.3	96522.9	118676.1	117503.5	115374.2	93763.5	110863.6	81366.4	74678.8	71395	70322.9	63707.7	145228.6	115665.2		106712.2	96494.7	83452.3	84953.9	75564.3	85119.1	74692.3	85085.8	82183.8	87369.4	78876.9	101199.2	87261.2	82278.0	58837.8	83809.5	69525.6
146						2049.5	2046.8	2976.1	2408.8	1856.9											1942.5	1763.9	2416.7	2217.3	2622	2562.5	1811.1		3493.2	1878	1888.1	2101.8	1901.5	2973.2	1742.1	2399.7	1610.9	1819	1562.2	2405.3	1741.2	1746.7	1852	2175.2	1268.2
1-Hexanol																2601	1690.3	1569.2		1448												4374.6	4482.2	6393.6							3685.4	1596.5	2669.1	1773.2	1387.9
310	1966.2	2632.5	3652.3	1479.4	1138.6	1068.4	1393	6135.9	4179.8	14497.6	1390.4	5467.3	1155.9																			12211.1	22853.4	14433.3							8145.1		10646.2	3057.8	1938.2
3-Heptanone	1816.9	1611.5	1285.2	1582.4	1745.7	1957	3088.9	3494.2	2300	2543.8						2582.6	3053.9	2728	2791.4	3491.3	2800.5	2632.7	3044.3	3295.7	2909	3056.4	2546.8	7192.6	3619.7	3577.9	3199	4039.1	3054.4	4104.8	4177.5	2701.1	3298.0	4408.3	2776.4	3608.5	1164.5	1834.3	1832	2416.8	1261.4
Styrene	641713.1	486975.8	465241.2	519654.6	549655.9	498857	545957	491881.4	435282	469185.8	494836.6	516031.1	530952.6	577066.9	503323.1	560664.2	538258.6	520154.5	408004.9	491351.3	469673.6	411769.3	394437.6	377473.1	345478.7	644830.1	484666.2	394018.4	448556	408747.6	449184	447299.0	391721.8	441529.3	366618.1	379652.6	388609.6	397455.2	358770.3	472063.5	433803.1	419538.0	311965.3	426264.1	346865.7
2-Methylbutanoic acid 	28275	22445.5	21705.6	22930.8	22508.4	23031.8	25368.5	23190.9	20462.1	21882.9	21936.7	24032.5	24239.4	26790.6	22859.1	25006.6	25553.9	23820.1	18957.3	23587.6	21193.3	18754.2	17601.3	16852.8	15772.5	29498.6	23147.1	18530.5	20053.6	18285.6	19892.5	20529.9	17450.3	20062.8	16394.3	17727.2	16934.4	18643.2	14725.5	21230.8	18888.4	18614.9	13642.5	19493.9	15586.7
2-Heptanone 	6529.7	7123.6	5366.6	7002.9	7637.8	24392.7	23616.4	20786	20409.4	22133.5	7225.6	4098.7	8282.7	4593.1	5253.1	96043.1	124152.9	101509.1	87058.3	113940.6	56569.2	52648.5	58807.7	51209.1	49067.7	7218.2	6979.0	12014.9	6883.5	7288	14106.2	12257.8	9331.3	13693.1	15707.9	5847.6	5879.5	8009.3	7406.8	7978.7	4008.6	4305.0	4309	4567.5	3970.9
Butyl acrylate																9345.1	10131.3	9444.2	8127.1	8912.2	6370.8	5381.3	5628.4	5537.9	6063.7																				
o-Xylene	67160.6	54806.5	51199.7	86040.5	63521.6	58023.3	58772.2	55602.6	53147.3	55915.2	57638.5	59656.6	59533.7	70131	56655.2	71192.2	70384.2	70692.3	53575.5	65407.6	46964.7	40898.5	41745.7	42986.6	37323.9	83690.3	63729.5	53547.4	64078.9	58430.5	51483.5	53019.3	47561.7	52150.7	47276	49925.5	48142.2	50991.7	46779.5	59245.3	51149.2	49089.8	36812.3	50648.7	42843.3
Cyclohexanone	10636.5	9152.7	8330.4	9069.2	8084.2	21705.7	21864.8	26284	21836.8	24483.8	5182.7	4849.2	6243.2	5947.1	5897.2	6155.8	6373.2	6066.9	6367.3	7268.9	4465.4	3943.5	4998.3	3450.5	4678.4	16529.5	17746.5	20121.2	21362.1	18140.7	7822.9	7656.5	7765.1	7656.1	8035	8831.4		6455.5	4180.4	6111.2	6882.7	6710.4	6392.8	8877.8	6832.8
Pentanoic acid 	1145.7	1867.3	17436.7	3673.1	3651.3						1466.5	1500.6	2191.4	1374.5	2615.3		1533.0	2260	3748.6	5291.3											2189.5	2259.9	2036.6	1627.3	1922.3										
Nonane	3430.2	3072.8	3818.1	3875.8	5692.4	3926.1	4068.7	3835	3593.8	3829.4	2013.5	1849.9	4341.3	2783.1	2405.8	3293.1	3074.9	2997.2	3405.8	2709.2	3224.4	4429.3	4495.1	4140.2	3473	3621.9	3249.4	4850.9	4721.9	3879	3276.4	3252.1	2968.3	3345.1	3427.1	4229.7	2566.1	3151.9	2673.6	2794.8	2391.4	3112.9	3836.8	3039.6	2556.1
4Z-Heptenal																																													
Butyrolactone		1171.5		1529.5	1989.8	1484.4	1950.2	2616.7	2380.5	1844.5			1446.6	1513.5	1421.8	1580.7	1743.5	1991.9	4339.9	1986.7	1027.5		2864.1	2448.8	3180.8	1224.4	1062.9		3183.9	2417.6						1010.8		2218.7	1973.6	2600.2			2564.4	2936.3	2302.4
Heptanal	1255.4	1916.5		2634.3	4664.8	1737.5	3235.8	4110.6	4650.9	3567.8	1964.2	1451.6	2929.2	3275.5	2741.3	1134.3	3168.2	3759.3	6748.7	4583	1440.4	1511.9	5669.8	5690.9	6821.5	1805.8	1103.0		6405.4	5480.1	1385.8	1516.1	5045	4980.4	3690.9	1878.2		5180	4755.7	5197.3	1031.1		2026.6	6089.3	4131.5
62																																										1049.2	1070.2	1107	
2,5-Dimethylpyrazine	4841179	2853276	2633462.9	2541656.3	3083669.4	1166754.7	1419309.4	1241765.8	1104811.6	1227715.2	115822.9	84105.6	117116.4	118581.4	91216.2	2552528.7	1916601.2	2938324.4	1859978.3	1969055.6	3026015.7	3559705.8	3457667.8	3952104.3	3512329.5	1512766	1556202.7	1230600	1969428.8	1538470.4	12214113.7	8744261.4	12283762.6	11601286.7	16228294.6	3354866.7	2667091.4	2996126.3	2150171.6	2639534.1	2928402.9	2536386.5	2233485.6	3348076.8	2495423.3
2-Acetylfuran 	5839.1	5471.5	7669.1	5841.4	5613	7700.3	7781.7	13216	7669.6	5942.1	4875.6	2585.5	5237.4	4456.2	4657.6	4784.1	5993.8	5514.1	6566.4	6514	5083.1	4527.8	5315.9	4263	4781.7	9147	4822.4	128914.8	7500.4	5616.8	4455	4361.7	5811.1	3402.5	3781.6	6712.2	5039.5	5696.5	5055	7647.7	4817.5	6483.5	4682.1	5485	4379.7
141	12050.4	9392.8	7285.9	15723.8	10785	10100.5	8610.5	9633.4	10554.7	13547.5	8457	9013.2	8317.1	12355.1	14335.1	13773.1	8455.5	14982.8	13355.3	19732.6	8619	12217.2	12217.2	13255.1	18605.5	13236.6	17103.0		16173.9	21485.1	17822	16489.2	17856.7	13618.1	19754.1	3180.3	18021.5	8063.9	9492.9	13072.5	5949.1	15575.1	4352	2631.2	5525.2
322	77495.8	112160.9	122991.6	203034.7	195034.3	143383.6	113491.1	155173.5	157807.8	182441.4	146977	150088.9	144731.1	193033.7	237021.8	168976.5	124668.6	177942.4	184669	276804.8	135534.7	168835.6	145026.2	212346.6	27361.1	171530.1	252977.7		240240.6	311959.7	116788.9	147021.2	191150.8	109323.9	193393.2	71547.9	280002.2	125803.3	122994.9	235634.7	91447.1	271250.4	58996.1	36337.2	81156.4
2(5H)-Furanone	14301.4	9708	15406.8	14923.9	10552.6	14305.7	17444	20427.9	22925.7	8333.8	11480	5775.8	14267.9	9381.1	9360.6	8042.2	9613.6	6313.9	23494.3	13373.1	13717.5	7874.8	13159.7	22174.8	12959.1	12085.2	7630.7	52649.9	15579.7	7033.6	19350.1	7513.5	6656.6	8075.4	6176.1	16581.2	13337.6	7334.3	6079	9367	7404.8	15721.1	8266.1	10104.9	8603.7
323		4581.3	8888.5	5464.5	5463.7	8978	9085.8	7959.9	15195.9	2774.3																										5633.1	3164.7	3147.9	3054.2	3903.4	3788.5	7453.9		4704	4135.7
Cumene	7478.2	6408.2	6863.8	6466.5	7651.5	6273.5	8367.2	7435.9	6764.3	6644.1	5615	6428.3	6799.2	7456.5	6745.1	7258.1	7461.4	7903.2	6085	6810.7	5654.8	5190.7	5664.3	5527.4	5119	7869.7	6411.8	6449.9	6411.1	6217.6	6028.8	6240.8	5558.6	6559.7	5751.2	4842.4	5115.8	5789.5	5192.3	6406.2	6202.6	5924.2	4822.8	6622.9	5473.8
Methyl hexanoate	3669.4	3159	2751.2	3008.5	3263.4	1904.1	3699.8	4097.3	4027.2	4137	2850.1	3236.9	4057.9	3489.2	3810.8	4096.5	2679.2	3947.6	3769.8	3813.3	2797.1	3672.9	3650	3945.1	4013.5	3286.9	3328.3	5423.9	4362.9	3870.9	3822.5	3355.3	3231.9	4628.8	4556.3	4091.6	3928.0	4407.7	4088.2	5144.1	4711.8	3838.5	3876.7	4753.4	4136.7
1-Nitropentane	154962.3	111238.6	128277	151007.4	140548.2	76580.4	123948.6	102285.7	90449.1	100603.5	72339.3	110419.4	119856.9	92750.7	114381.6	87197.6	119574.0	86472.5	93770.2	118123.8	86342.8	63595.3	87669.8	67414.5	74268.9	117541.7	104538.2	101382	104516.1	95765.1	116812.1	95771.3	71119.9	68634	62135.4	78969	67541.5	81222.9	73973.6	73973.6	35460.8	45354.7	37604.7	65255.2	46914.9
30	36976.9	26822.4	28976.1	34443.8	32517.7	18608.3	29760.3	24383.1	21178	23486.5	17721.9	26923.2	28636.1	21806.2	26798	21480	29295.1	21550.6	23432.3	28254.1	21218.1	16321.2	20676.1	16039.6	18186.8	28427	25882.5	23329.8	23876.1	22747.9	25703.7	22503.9	15702.8	16414.5	14472.1	19444	15855.0	20356.1	14465.2	18660.3	8392.2	11184.6	8560.1	16910.4	11761.4
alpha-Pinene	1993.5	1540.5	2003.1	1632.2	1715.1	1564.1	2132.6	1963.7	1405.9	2155.1	1492.4	1460.1	1431.3	1310.3	1364.8	1612.4	2261.8	2173.6	1984.8	1846.6	1636.6	1428.1	1513.9	1933.9	2072	1885.5	2197.7	1871.4	2196.3	2094.9	1858.8	1703.3	1717	1737.5	1838.8	2089.3	1926.0	1658.3	1635.1	1575.8	1766.8	1744.3	2896.2	8327.5	1696.3
1,2-Cyclopentanedione																					12250.8	6544.5	8526.5	16957	9617.9																				
2-Hydroxy-2-cyclopenten-1-one																					11765.1	6435.5	8080.7	16987.9	9617.9																				
4-Methyl-2-heptanone	12094.9	10149.2	7838.4	9408.1	8235	7993	10794.4	9630.4	8398	10722.3	3862.1	3752.7	5076	4227.9	4982.9	7069.9	9218.5	8056.6	7829.3	9465.2	11260.2	11442.9	12139.6	9377.6	11781.5	6869	7736.6	7459.8	6792.7	6818.5	9219.1	8626.4	8829.4	6801.5	7060.4	6679	5746.0	6632.5	5227.1	6218.5	5179.9	5494.0	6232.5	6762.6	5063.8
548	5925.3	4146.4	5296.3	5471	5169.1	3984.6	5547.4	4567.7	4991	4358.3	4062.3	3012.2	4893.4		4120.6	13428.9	10378.5	16964.7	10723.6	9771.3	5602.9	5789.2	5932.7	4942.7	5173.2	3828.5	3185.9		4096.6	3600.2	4652.3	4018.6	3573.2	4014.4	3704.3	2691.9	3152.7	3402.7	2878.7	3294.3	3176.6	3638.9	4313	4054.6	3211.4
549																					8956.7	6883.5	6926.6	9528.8	5540.5																				
Propylbenzene	13839.9	10002.7	10806.1	11934.7	10532	8693.9	11707.7	11347.4	11289.7	11377.9	8410	7946.1	10579.8	9609.6	10295	11029.6	13442.1	10321.9	10189.7	12799.3	11412.4	11996.7	11350.9	10454.6	9519.5	11101.7	9477.3	11519	9366.6	8956.3	9426.9	9904.6	9995.4	10264.3	7665	7967.9	6165.6	7428.6	6014.3	9663.3	8434.2	8508.9	8169.4	10608.7	7626.5
2-Methyl-6-heptanone	3524	2657.9	3001.4	3454.4	4150.4											10229.5	12836.9	12792.6	9970.3	13060.1	2665	2925.9	3838.2	3415.4	3886.6																				
2E-Heptenal																																													
6-Methyl-Heptan-2-ol																2888.5	3392.7	2976.9								2231.3		2735.2	1779.5	2282.8															
316	22736	17370.9	10215.5	22263.8	19667.8	13096.2	29415	16597.2	17550.5	31061	18254	19123.7	20198.7	20580.2	18650.1	25164.1	27209.0	22145.8	11909.3	24060.3	18980.1	24442.2	23024.9	21753.7	24611.9	20663	27254.9	24714.7	23982	22897.9	20363.8	20080.4	26389.2	23484.5	21361.3	25966.5	27162.2	24635.7	21259.4	27892.1	23943.6	29830.3	23435.5	27587.2	18687.7
Benzaldehyde	17589	22195.1	19151.2	20753.2	22931.3	14836.5	17702.3	24521.6	25115.3	23772.1	17601.1	12052.1	22859.5	23939.7	17454.9	11974.5	10493.5	17309	27815.7	20224.3	11229.1	19912.4	18761.7	19972.5	19644.9	14516.6	14855.6	51945.7	23166.9	20065.2	19456.1	15492.2	29703.2	23352.4	26549.8	31566.2	24094.5	32080.3	28726.8	29828.7	30372	36524.9	63626.8	51860.9	48521.6
5-Methyl-2-heptanone	89503.4	82616.3	67251.9	75690	87913.1	18575.2	21098.9	18503.4	17756.7	19304.2						97681.4	103335.8	108418	87379.3	112197.5	20655.3	21802.9	19810.5	16780.7	15509.4	2534.1	2408.3	6313	3633.8	3890.3	6925	5981.6	5062.5	6236.5	7645.2	6032.2	4791.6	5859.2	5706.1	6554.9					
5-Methylfurfural	2542.4	3216.4	2881	4001.1	3107		4479.8	4866	4408.3	2898.1						3412.4	3367.7	3238	4523.8	4033	1382.8		2542.4	3029.7	2527.6						2887.2	2116.1	3344.3	3432.7	2680.4	1770.1	1848.8	2141.3	2000.1	4656.4	1601.8	1640.0	1919	2876.1	4696.9
Dimethyl trisulfide	842304.4	796248.5	1020917.3	834973	929196.4	1117211	1393657	1198444.4	1168568.5	1461480.2	18112.7	29071.5	26119.3	31181.2	31921.7	404252.7	618398.7	433108.5	644830.2	545807.1	49599.3	54109.8	43067	29258.9	103715.7	259733.7	254973.7	667941.4	226082.7	144861.5	107026.4	70171.6	70275.3	141937.5	49670.9	865645.8	788221.5	912378	725320.7	930935.3	1384990.9	1972901.4	1738254.6	1325851.5	1042508.9
521	146069.1	132374.7	76223.8	120598.8	72203	70918.5	132063.8	87270.4	74377.2	105439.1	20981.2	12126.7	31809.8	22634.9	22697.8	76935.6	76780.1	91287.1	82570	105147.5	130800.4	131961.3	147115.4	93847	148301.3	68682.3	79834.0	82344.1	68363.3	70777.8	113177.5	64560.7	77083.5	42213.2	87063.2	59696.6	67716.6	95726.1	57827.4	64063.9	37874.2	53307.7	73355	77344.5	59348.6
Heptanol	8518.5	7908.3	5270.2	6901.6	4476.1	4377.9	7196.4	5900.8	4614.8	6205.2	2228.9	1794.2	2387.9	2189	1806.3	4974.7	4382.7	4220.2	3510.3	3997.9	8113.3	7747.7	9266.6	6299.9	8988.7	3877.4	5003.0	5056.4	4187.6	3594.9	6884	4011.2	5056.7	4199.1	5773.6	3851.2	4001.8	6064	3944.9	4554.2	2703.6	3292.8	4608	5131.9	3901.6
515	12426.8	10784.9	10945	10738.2	11509.3	19746	22762.8	14535.2	14720.4	13798.9	12770	33976.3	24575.2	14187.9	30577.3	10035.5	8343.0	8856.4	7803.7	11308.4	18255.6	10294.5	10769.8	9204.5	10136.7	30277.2	17949.6	14876.9	12182.1	19963.6	12089.2	9962.6	6751.2	9732	10228.6	23307.6	18434.2	18521.8	24090.8	21798.5	14675.8	14101.2	10767.7	14230.9	12591.5
1-Octen-3-one																																													
1-Octen-3-ol	9141.1	6351.7	7744.9	8710.8	11581.7											8136.2	13326.3	12593.6	11087.9	13906.1						9994.7	8283.8	16619.6	13610.7	9926.7											3598.4	6104.5	5108.6	5928.7	4294.6
Butyl methacrylate																																													
Aniline						2164.4		12087.7	3830.2																	8835	2034.9	244401.7																	
alpha-Methylstyrene	3630.1	5322	3802.9	7328.9	4188.6	2666.4	2574.4	5384.9	4128.7	5175.7	3282.8	5538.4	3208.8	5262.1	6321	5634.3	4339.7	3015.8	4431.4	6917.7	7629.3	4388.0	5212.9	4085.4	3316.2	3121.5	2816.9	4974	15877.9	4105.8	4752.6	6279.2	7274.4	8813	6600.8	4956.8	2881.8	3596.6	5986.7	10189.6	4983.7	4704.7	20039.1	8341.5	6456.6
3-Methyl-2(5H)-furanone  	1279.8	1147.2	2710.1	2003	2275.9	2101.5	2185.7	4067.5	3555.7	2186.3	1468	1090.3	2043.7	1356.1	1686.1		1744.4	1569	1938.4	1956.8	2157.4	2065.5	2159.4	2048.6	2389.1	2117	2188.6		3708	2680.9	2371.6	1559.6	2574.5	3482.3	2130	2152.3	1724.6	2366.4	1782.8	2061.1	1544.1	1615.4	1657.6	2118.9	1799.1
Hexanoic acid																																													
2,3-Octanedione	1146.6	1255.3	1043.7	1330.9	1505.3	4846.6	4756.3	4577.1	4261.2	3939.6	1620.1	1057	1934.4	1535.3	1018.4	4831.1	6435.6	6228.7	5161.4	6385.4	12798.1	10569.7	10385	11629.6	10195.7	1830.8	1846.6	2008.5	2457.3	2155.9	4534.3	4208.8	4216.7	4851	5375.2	2558.1	2755.3	3328.5	2243.6	2912.4					
Phenol 	4865.7	4833.6	19634.9	6420.7	6548.6	4659.1	9555.9	18544.2	16483.7	5402.7	3746.5	6194.6	6285.5	5102.5	7015.5	4908.2	5271.9	4347	14826.6	9544.9	9080.6	10087.3	16381.9	17110.2	13560	9668.6	4183.0	256500.3	14267.4	5974.4	6643.5	2425.4	3715.5	3174	2888.4	6698.6	3491.4	4165.2	3640	5309.1	4625.6	3307.6	6140.6	6474.3	5396.3
6-Methyl-5-heptene-2-one	1369		1069.7	1664.7	1806.2		1286.2	3995.6	3569.6	4101.5	1054.5		2339.3	1290.7	1363.4	6184.8	6445.2	8275.8	8264.9	9855.7	4664.4	4306.5	8927.8	6922	6253.5	1532.4	1253.4	2435.6	4563.7	3584.4	3046.3	2448.1	5816.3	5059.5	4905.3	1225.6	1611.8	4016.1	3841.7	4033.1	1018.1	1517.9	4943.7	4920.2	3741.5
2-Ethenyltetrahydro-2,6,6-trimethyl-2H-pyran																																													
450		1243.4		2133.2	3010.8	1429.3	2520	5491.7	4334	6641.4	1382.1	1304	2462.2	2802	2003			2129.2	2519.6	3350.8						3701.6	3248.9			12057.9	2536.3	2658.6	3158.6	3633.9	4910.1	3392.5	3420.1	4069	3076.1	6701.5					
4,6-Dimethyl-2-heptanone	5186.4	5070.5	3664.1	5490.7	6022.1	4273.1	7184.5	4717.7	4230.1	7313.8	2642.9	2085.9	4201.4	2603.3	2859.6						12797.1	12434.9	13847.4	12972.5	13180.6	5318.4	5219.4	5930.7	4925.3	5360.9	6994.9	6761.5	7362.8	6245.2	7515.6	4993	3589.1	5118.1	2886.8	5674	2549.2	2296.9	2214.2	4383.4	2687.5
2,2,4,6,6-Pentamethylheptane																																													
2-Octanone 																14167.3	19654.3	17878.8	16422	20220.1	11176.4	9996.7	12349.6	11172.7	9934.9																				
2-Pentylfuran	4140	6220.4	5448.5	9450.8	10630.8	5720.8	6969.5	6515.9	11844.1	3873.1	4531.4	2390.5	7666	5065.8	6489.4	4037.8	7236.6	5351.3	9982.4	9780.4	6852.4	12124.6	10895.5	11248.3	8290.4	2644.1	3744.0	11673	9449.8	3771.5	4156.9	6045.7	7007.1	7992.8	5421.5	7832.9	3229.2	4607.6	5933.4	7707.5	4841.8	4689.3	4615.1	7140.4	4284.5
1,2,4-Trimethylbenzene	5402.5	6731.3	4920.8	4440.7	6390.8	5108.5	6834.4	5810.8	5180	5870.5	4973.2	4571.9	4970.2	4652.2	3842.8	3487.8	5587.0	2015.6	2537.5	4647.3	5421.8	5414.6	5949.7	5708.4	4824.3	5901.1	6844.5	5720.4	6504.7	5864.7	5076.8	5685.8	6128.7	6091.9	5646.2	7624.1	5255.8	6015.1	4943.5	7318.6	6767.2	4967.2	4659	5534.9	5976.1
2,4,6-Trimethylpyridine	4145.7	3877.5	4129.3	3216.7	3004.7	4237.7	6459.8	6521	11238.1	6040.8	3700.7	3099.1	3808.4	3481.1	3660.8	24018.7	23492.0	26758.6	24435.1	23018.4	4197.5	4391.1	4137.7	2773.4	5340.2	6516.4	4912.6	7440.6	6551.3	5234.9	5104.5	3783.9	3688.1	3795.4	5065	6868.6	6195.0	5918.8	3387.9	5968.9	10201.5	9425.3	12358.6	12259.8	13058.9
2-Furanmethanol, acetate							2296.2	4244.7	4966.8	1904.8								3464.1	2762.9	2580.4																						3027.2	1661.9	1127.6	1536
2-Ethyl-4-methylpentanol	10527.7	8453.2	7977.5	10542.1	8765.8	2325.5	3193.5	4405.7	3214	2957.1	3825.2	2287.7	4971.8	3915.9	4316.4	3668.2	3364.0	3782.2	4258.6	3779.4	5544.3	5286.2	6150.2	5795.7	5974.8	10391.2	8004.3		8582.4	7807.7	18443.8	16631.7	19436.3	15145.1	18139.4	8450	8628.4	12239.8	7374.9	9499.1	2592.7	2356.6	1484.3	3256.3	1540.6
2-Ethyl-5-methylpyrazine 	24035.1	14086.8	17650	10759.5	19804.7	41145.9	66896.3	43320.2	54967.6	51395						12187.8	5037.4	14733.1	12970.2	7590.6		4015.5	3569.1	4025.4	4387.7	5378.6	5448.2	28501.8	7835.9	6126.8	11670.7	10136.3	14101.3	16188.8	18948.8	23203.6	12058.1	16386.5	8074.8	16455	5459.4	5275.9	8462.4	4419.2	
Decane	9929.5	8675.9	12970.7	9680.5	10029.5	6676	9159.1	9841.7	8710.4	7734.2	6006.4	5270.6	7260.9	6063.4	5483.6	6258.3	7446.7	7641.3	7628.8	6412.8	6901.2	5583.8	5184.3	5152.8	5011.2	10007.1	9268.0	13801.5	8433.6	9516.4	13948.9	13486.1	15472.4	13131.2	14998.2	7834.4	7360.2	9289.8	8336.1	8418.5	6972.5	6242.3	5550.9	7607	5639.2
Octanal											13649.4	10394.7	15179	16096.5	14303.1		12769.0		13025.1	13950.9																									
Trimethylpyrazine	730992	468459.9	411645	361737.6	533636.3	248924.1	439054.6	267938.5	280649	283278.6	13287.6	6249.9	36841	9799.6	9557.2	1825622.7	215508.0	3188052	300336.7	230059.1	17098656.3	19451467.1	19456050.6	23785224.6	19654025.1	424446.6	439380.4	610386.3	591829.1	597240.4	937625.2	648063.6	888296.7	830475.9	1125392.3	573235.4	529102.7	743903.2	452773.8	569599.3	304406	292508.3	642471.5	483721.8	423829.3
315	211743.8	191585.4	136007.7	180212.9	148634.6	133234.7	199926.4	154519.8	146044.5	164237.9	111486.6	95902.8	143348.5	134637.1	155410.7	128421.2	134142.7	158596.8	139839.8	163763	162612.2	163125.6	179264.6	149970.2	184852.6	138054.4	148844.2	147320.1	138158.5	149720.6	167975.1	104298.3	120300.9	92458.5	152345.3	104442.2	119186.1	166165.2	117272.7	136890.5	77222.7	117625.5	142528.6	171976.6	140776.9
516	8270.4	8557.4	6852.1	6962.1	7338.6	15436.4	19604.8	18452.9	19079.5	17794.4	10238.8	10147.4	13312.8	12255.5	10822.2	8791.5	8971.0	9667.7	6868.2	10386.7	7868.5	7667.6	7999.2	6501.3	9173.8	11760.3	10972.5	10892.9	11725.2	12318	9042.1	7617.1	10847.4	9143.1	10483.3	11654.5	8069.2	9003.8	7514.4	8929.7	9630.2	10433.4	16291	9585.2	9983.3
3Z-Hexenyl acetate	16241.3	15297.8	13064.3	13427.8	14244.9	25092.1	32806.4	29847.2	31356.3	30629.3	19161.8	18980.6	22458.9	22508.9	19786.5	16446.9	16124.0	18116.4	13900.5	19144.4	14310.9	14848.1	14045.1	9836.6	13996.8	20436.4	19329.4	23663.5	21123.6	20422.8	17105.1	14450.8	18601.6	17416	19259.1	20158.8	15182.7	16717.5	14469.6	16495.5	18069.8	20152.1	27599.1	19855.9	20869.1
Hexyl acetate	2959.7	1388.6	3488.6	2782.7	2481.1	1824.9	3310	7446.8	1919.3												3431.8	3204.8			3788.1																				
1,4-Dichlorobenzene	3250.9	3184.5	3119.1	3644.5	3744.4	3463.5	4468.9	3881.7	3909.7	3755.8	3122.5	2509.9	3707.5	3467	3376.8	3062.6	3597.6	3802.6	3265.5	3469.4	3353	2899.3	3825.3	3837.7	3474.2	4191.7	3984.2	3852.4	3790.3	4369.8	3011	2439.6	5388	4606	4662.6	3928.5	4091.0	4744.4	4247.2	4784.3	3177.3	4758.9	3813.1	4523.6	4345.8
2E,4E-Heptadienal																																													
522	73048	64039.6	48289.2	64775.1	41591.3	38126.6	74270.9	44133.3	42473.1	47167	26936.8	24543.4	41854.4	35471.7	58413.5	34953.2	35313.6	42458.9	42838.4	45317.1	59129.6	60470.7	68391	47741.3	69207.5	35947.9	43679.8	54638.5	41000.1	41815.7	48415	25609.1	31570.8	17311.7	47855.6	28593.8	40268.4	47874.3	29684.4	34891	21089.6	33730.5	44616.8	51038.9	41688.8
517	12303.8	9286.2	9790.7	10120.2	9251.2	11766.8	11714.3	15022.1	10154.5	13727.4	17370.7	17086.3	23423.2	21007.7	20279.9	9533.7	14111.0	9795.3	12634.3	11564.6	5946.8	4971.6	5032.5	5052	4676.4	22206.7	17154.5	11625	14551.8	14757.2	15041.3	11862.3	9856.3	12685	12127.3	16875	20381.3	20033.9	18524.5	18816.8	9922.8	11535.4	7621.8	8036.9	7870.8
4-Cyanocyclohexene	12330.7	10246.2	9045.2	13836.8	15334.8	9749.3	12528.2	14171.4	13644.8	12863.7	8277.9	9440	9367.2	10423.1	13854.8	8830.1	9412.9	9701.5	12637.5	12092.5	9122.3	9096.8	10683.9	9907.2	11232.9	12177.2	13028.6	10526.2	13405.1	13554.9	11630.4	11883.8	12406.2	12316.9	13896.3	10386.8	13001.3	9882.8	10465.7	10632.2	9596.2	12149.6	9216.6	11007.4	9601.3
523	8620.5	7506	6391.8	8677.9	7663.9	6015.1	6487.9	7267.7	6270.5	7238	5953.7	6030.9	6465.4	6695.6	7256.6	8899.6	9943.2	9868.8	9996.3	7940.1	9092.3	10239.5	10077.6	9587	10661.6	6620.5	5835.4	6662	5843.9	5929.2	8616.1	7808.2	7619.8	6974.8	7702.9	4857.1	5082.7	5199.5	4079.1	4714.7	5982	6648.0	5603	7217.4	5115.4
1,2,3-Trimethylbenzene	1523.4	1848.3	1180.7	1335.9	1642.3	1228.6	1632.2	1490.8	1509.6	1270.8	1247.9	1138	1026.8	1101.6	1042.6	1564.5	1638.2	1439.2	1346.8	1228	1238	1431.5	1724	1643.6	1063.1	1206.7	1795.8	1940.2	1589.3	1862.4	1723.1	1474.2	1663.3	1468.8	1510.6	1865.9		1480.3	1109.4	1188.5	1923.2	1633.0	1216.1	1660.6	1418
p-Cymene	2714.1	2274.1		1649	2057.7	1755.3	2168.6	3338.2	2967.8	4564.1	2285.5	1844.5	1473.8	2449.3		3420.4	2063.1	4430.3	5610.3	2608.4	2828.9	3274.5	32986.4	3641.4	6838.6	2679.3	2515.4		3773.3	4456	2774.9	2681.7	2662.9	2780.9	3070.3	3335	2885.7	3725.4	3776.1	4320.4	2694.9	2773.6	13890.2	73895.6	4267.2
518	6846.6	6165.3	8900.4	8079.5	7205.1	15708.7	17544.9	11938.7	16413.9	12541.7	13300.1	36375.5	26916.9	14608.4	33539.8	8757.4	9566.6	10127.1	9616.5	10669.3	17475.8	11117.0	11213.5	9627.2	11001.7	30964.4	17694.0	22976.4	12571.6	22494.5	13871.6	9824.3	6483.9	9823	9882.7	12290.1	14058.2	16248.9	14677.8	15313	7808.9	6076.1	8603	7987	4595.3
Limonene	7385.8	7741.3	8227.6	7285.2	8792.2	5455	5800.7	6508.2	12397.4	7406.3	5574.6	6717.8	6503.6	7861.4	5821.5	6545.6	15512.8	7408.6	9218	6663.8	5394.2	5022.4	19146.7	7487.6	25823.8	20074.7	20477.4	18881.4	20269.4	19406.8	6790.1	6497.8	10074.3	9407.4	13616	7688.4	8529.6	7930.7	30668.6	8218.6	13885	15796.6	17995.7	57282.6	15601.2
2-Ethyl-1-hexanol	13769	10001.5	18351.8	13622.5	19020.5	4593.8	6717.1	14057.4	10273.6	7757.2	7161.5	5890.6	9193.2	8081.9	6540.3	5791.5	8528.7	10455.2	11883.4	11080.6	10675	17000.2	17294.1	25705.4	19063.9	17173	15691.2	66548.9	27181.7	21865	39062.2	38541.9	34267.8	43297.3	48676.8	18752.5	22579.2	28976.3	20720.7	23724	10034.8	7168.5	8314.9	8275	8573
5-Ethyl-2(5H)-furanone	3956	3229.9	5122.9	4621.1	5070.9			3713.1	3369.5	2420.5	2317.4	1593.8	2656.1	2224.9		1731.1	1831.2	2806.1	2115.7	2512.2	4171.6	4379.6	5064.3	6979.6	5713.2	5944.6	4810.2	20198	7708.2	6843.1	11349	10925.3	11407.1	11911.7	14106.2	5721	5654.4	6805.2	4921.3	6777.4	2298.1	1629.8	2392.4	3743.8	1929.8
Eucalyptol	1756.5	1744.3	1705.5	1444.7	2167.1	1772.9	1602.8	1542.2	1927.1	1544.3	1606.5	1606.7	1824.6	1821.7	1661.6	1877	2274.7	2711.3	1777.5	1788.1	1674.2	1267.1	1861.3	1961.7	1709.7	2137.9	1958.4	2416.5	2330.5	2470.5	2062.7	1982.4	2452.4	2345	2920.9	1986.2	2796.6	2125.5	2079.8	2160	2050.8	2154.8	1831.4	2504.2	2312.3
Benzyl Alcohol																	1639.3		3730	1595.2											1303.5		2735.7	1887.4	1014.5	2002.8		1019.2		1447.3	1007.7		2479.4	2782.4	2881.5
3,3,5-Trimethylcyclohexanone	3900.8	3992.4	4852.6	4922.5	4210.5	3978.2	7916.5	5218.3	5844.6	4876.2	6069.1	2265.3	6534	2330.2	6936	4449.3	4787.6	4956	3812.1	4040.7	4801.9	5138.8	4973.1	6065.2	4900.7	4189.8	4182.7	7777.2	4266.9	5232.3	5298.8	5309.3	5825.2	4963.8	4029.7	5344.1	4511.5		4797.5	2048.5					
Salicylaldehyde	1015.7		1520.1	1299.9	1275.8							1998.8		1078.5	2449.5											1441.7			2668	1055.9															
Benzeneacetaldehyde	1997	1441.1		1850.7	2472.2																																								
470	16951.6	15421	16223	14165.9	10775.7	9729.1	15658.5	12343.8	11160.5	13951.7	8479.1	6529.8	11122.9	10047.1	12522	8633.1	8079.1	12499.7	8036.5	11478.8	14089.2	14068.2	15301.2	12472.3	17763.1	10846.7	11502.7	16438	10289.6	11262.4	14049	8022.6	9581	6836.2	10656.6	8814.3	10280.1	12633.1	6945.6	9518.1	6112.1	8680.4	11132.3	12774.2	9649.6
gamma-Hexalactone	3974.4	3537.2		3182.4	2469.3	2351.6	3881.9	2668.6	2813.8	3088.7		2023		2546.1	2957.5	1948.3	2045.2	2247.5		2969.6	3349.9	3434.8	3390.2	3559.8	3805.7	2590.2	2688.1		1869.8	1875.3	3802.9	2063.2	2249.7	1472.9	2619.6	1997.2	2027.5	3040.1	1756.7	2183.6		1832.1	2344.2	3177.1	2600.9
2-Cyclohepten-1-one	2566.2	3849.2	6306.3	3929.4	3537.3	4428.4	5970.9	7327.6	9691.4	7485.4	4237.9	5312.5	5400.2	6794.1	5955.7	5102	7885.1	5942.7	7103.6	8773.5	1375.1		1688.2		1375.1	9849.1	8644.4	15890.5	11184.1	9818.9	5447.2	5017.3	5523	6897.4	5518.9	12427.4	8756.1	10520	9044.6	11359.4	6776.8	4561.7	3953.4	7023.3	5000.4
65																					7198.1	7692.9	7939.5	7032.6	8416.3	1049.2	1343.5		1372.7		5641.6	4643.2	4899.7	5380.3	5802.6	3858.8	4327.8	5019.4	2653.7	4377.3					
2E-Octenal	9434.1	8245.1	10544.6	10474.7	8003.8	2212.8	2635.4	2901.7	3411.1	3452.7	2616	2861.5	2567.7	2910.2	4050.5	3238.1	2872.6	3204.1	2860.9	3850.2	3590.4	4381.3	4648.5	4490.6	4632.4	4204.5	3270.6		4177.7	3191.1	2595.5	2652.8	2710.7	2945.7	2715.7	2880.3	3390.5	4000.2	3990.5	3780.4	2607.6	3425.8	3370.8	5141.6	5265.4
4-Methyldecane	5660.3	5470.3	5572.4	5776.3	4668.6	14336.5	15539.6	14487.3	15657.6	15258.1	18421.4	19452.6	21473	22701.4	22105.7	25308.2	27555.8	25121.9	19873.5	25104	25468	26127.9	26173.3	25876.5	28710	15097.1	13283.1		11995.4	15136	24497.7	23808.1	21535.9	23772.8	22705.3	12794.7	13379.1	16470.1	12748.2	15204.7	13869.7	16064.1	13964.6	17160.4	14072.5
9	5357.2	6407.1	11772.7	6879.4	4829.5	3928.1	4730.7	6064.8	6265.3	4568.5	3505	3267.9	5020.6	6007.2	11462.2	5007.8	7687.1	8584.1	8075	10950.2	7512.3	8454.4	6807.4	13133.2	8483.5	9507	10896.3		10914.8	8068	4534.6	2971.9	3213.7	2365.4	3891.1	1736.5	3610.9	3459.5	2622.6	3080.3					
2-Methyldecane	4654.1	4220.8	5937.3	4478.89	4526.4	3872.4	4156.7	3786.1	4718.7	4359.6	4619.2	4997	5581.1	5436.1	5401.1	5512.7	6393.8	6563.7	5338.2	5740.3	5263.5	6475.8	5493.8	5110.8	6569.2	4436.6	3768.6		3522.6	4133.1	5613.9	5488.0	5365.1	5755.6	5005.7	3669.2	3744.7	4073.5	3560.4	3767.6	3799.9	3798.1	4277.5	4169.4	3408.8
Acetophenone	82182.8	79703.5	75676.7	77664.4	82922.6	59639.4	65586.6	59047.2	59430.7	61646.7	58206.9	41636.4	61859.1	48155	55489.9	60467.2	68916.2	70305.1	62004.4	63489.3	52512.9	59485.5	52237.3	58412.9	53182.2	59173.2	60970.4	71125.8	124806.8	63119.6	84330	80982.6	90370.5	87616.3	92719	59487.2	58641.0	61202	51210.7	61188.3	64244.8	76844.1	72446.8	82218.5	71380.1
2Z-Octen-1-ol			2436.5	1336.1	1693.4		2150.6	2427.1	2260.7	2298	2633.9		1461.7	2714.3			3292.4	2478	2453.1	2225.6		4019.5	4354.8	4214.1	4478.7		1203.7		5527.6	3984.3			3885.5	5629.4	2272.7			3262.6	2920.4	2778.5			3499.9	4527.4	2870.6
2-Acetylpyrrole																					3039.5	2014.2	2473.3	2430.5	1789.4																				
(3E,5E)-3,5-Octadien-2-one	7777.6	7268.7	9420.4	8338	8111.1	3709.7	3495.4	3114.5	4300.7	4120	4698	3402.3	5149.7	4689.7	3912.3	6631.7	7933.3	7334.4	8180	8606.3	10546.8	10790.5	11804.3	13465.4	10163.4	7304.7	5520.8		9258.1	6966.5	8401.8	7676.1	8139.4	7942.7	7013	4877.3	6237.0	6667.4	5758.7	6159.2	4267.8	4402.5	4460.7	4345.2	3714
2E-Octen-1-ol																						4951.1	5090	4698.6	5384.3																				
1-Octanol	2184.8	2068.3	5185.6	3321.5	2777.2	1766.8	2960.6	2959.4	3230.7	2397.2	2511.9	1726.5	2060.7	2165.7	2341.1	3247.1	3198.2	3088.1	2767.5	2391	8114.9	5548.9	5211.6	5245	4535	2838	2539.8	6530.8	4113.1	2812.8	3448.6	2547.3	3481.2	3821.9	3244	2809	2530.1	3041.7	2836.6	3048.8	1892.8	2385.5	3067.6	3291.1	3237.1
76	3442.3	3576	3680	4146.1	5144	3177.6	3756	3461.4	4644.3	3672.2	2561.6	1766.6	3635.6	3941.5	2912.9	4401.8	4339.9	6403.8	4939.2	4187.4		6892.6	3756.4	13158.8	5042.1	5261.4	3317.1	10272.8	4675	5754.5						4140.4	4438.0	4889.4	3879.3	4376.5	2009.4	2739.9	2056.1	3713.7	4628.1
553																					137884.6	93762.3	66705.2	92567.4	91312	5131.4	3840.4	6002	4136.7	3819.3															
p-Cresol						18351.3	24678.3	26360.9	30849.1	18019.9											4990.4	6923.1	6746.7	10156.8	7347.6	4873.5	2502.7	30801.4	8908.7	8253.6															
536	12641.9	12251.3	11428	14138.4	11052.5	9573.9	10269.3	10581.5	11688.7	12334.2	12676	12726	14171.7	15149.7	14874.4	14883.6	16639.2	18882.6	15209.8	14958.9	15978.9	15816.9	15957.1	13722	13819.2	11345	9256.2	11009.9	8473.8	10364.5	12512.1	12709.0	13071.1	12047.6	13963.4	9146.9	9175.8	9521.8	8514.7	9117.3	10125.2	10314.7	9756.2	11896.2	10175.5
2-Ethyl-3,5-dimethylpyrazine	42281	30357.9	31004.7	23297	26514.6	28816	44707.6	30175.1	20059.8	32824.1						10261.8	6487.0	16595	7001.8	8891.2	45563.2	62552.1	59296.4	82139.3	63700.8	46848.8	41460.5	78980.7	69189.8	73769	61493.4	44593.6	78974.6	59846.3	70599	25110.2	28731.0	25932.2	20481.1	19398.9	29584.5	34345.9	122025.3	35937.8	47209.6
537	13278.4	11454.9		11651.4	11547.4	8952.2	9089.4	10500.6	10429.4	10636.6	8991.6	9138.7	10105.6	9937.2	9800.3	14104.1	13814.5	16741.1	13464.6	13159.9	20919.8	19592.4	19460.9	18436.5	18522.2	9783.8	9413.8	10630.2	9521.1	10017.1	10283.9	11085.2	11345.4	11049.9	11885.2	8105.8	9367.4	10602.6	6982.1	7843.4	9013.2	9936.7	9325.5	11584.6	8602.3
2,6-Diethylpyrazine 	482443.7	348624.8	327855.3	268129.9	290038.2	454249.9	653003.9	488564.5	459335.4	519461.3	2682.9		2165.8	3417.2	1624.1	67876.1	39644.4	83147.2	49271.5	58587.8	36026.4	48439.0	48439	41187.4	54108.7	632199.8	570897.5	811238.8	943006.6	965318.5	1058594.9	818412.6	1359866.3	1127879	933563.5	558196	598068.5	540470.5	454069.3	425023	708295.1	764619.1	1790926	797676.3	1095805.2
alpha,alpha-Dimethylbenzenemethanol	29423.1	20971.2	17519.6	15488.6	17135.5	26806.4	36059.5	25633.8	27598	30735.2						3221.1	1908.7	3200.4	2155	3576.9						38374	33067.1	47311.9	56450.8	58142.4	60688.9	47720.2	77655.1	63597.2	54362.6	31386.36	34884.8	32654	26637.3	24603.2	38982.6	42604.6	101185.8	46061.7	60777.4
Tetramethylpyrazine																520949.9	14207.9	1516371.4	16130.2	6225.4	30079737.1	32869723.3	35028493.4	47899748.8	32554311.7																				
p-Cymenene																					1316.9	1471.0	2094	1869.8	1944.4																				
2-Methoxyphenol	1146.6	1094.2	2024.9	1263.6	1482						1142.6		1807.3	1203.3	1129	3489.2	3019.4	4604.4	3769	3881.2	4851	5136.2	5181.5	5543	4549.9						1732.6	2298.5	1902.7		2033.4										
2-Nonanone	11408.7	12190.1	10443.9	13094.4	12941.4	24297.4	21673	21292	19431.4	21886.8	9399	2047.5	10471.9	4500	3126.9	200888.3	243806.6	226046.8	208027.5	228693.3	130979.5	131242.3	132829	123630.4	132411.9	9643.8	8843.7		12319.4	9049.7	32467.8	25933.3	27166.1	31418.3	37232.7	13081.5	15164.2	15469.9	12877.9	14801.5	2240.4	3117.9	2613.2	2228.3	2055.3
3E,5Z-Octadien-2-one	4295.2	2691.7	4819.6	3946.6	3895.7	9244.2	6891.4	6754.4	7750.4	7130.1						24119.1	30535.4	29723.2	27724.6	31070	25985.2	25805.9	23554.2		24489.9	4219.5	2500.8		6539.6	4093.4	10156.9	7770.3	8800.9	7811.4	12130.8	4597	6711.1	5750	5033.2	6098	1630.2	2947.7		1476.9	
168	12096.5	14127.9	24009.3	27376.8	18725.1	26398.1	37897.3	25454.5	39663.4	17990.4	15604.4	10687.8	30867.3	19212.7	24587.1	16683.9	21530.0	15931.8	50319.1	48231.2	22196.8	22689.4	23082.3	41992.3	26882	28926.1	19453.5		37481.1	20042.6	48937.1	24380.4	19560.2	18759.7	18527.5	25654.7	22265.0	13408.3	19017.9	18626.7					
Undecane	14231.8	11742.6	27905.3	12137.8	14171.8	8552.7	12843.3	17797	11903.9	8666.8	8828.2	6371.7	9452.3	9969.5	7928.3	9417.2	9175.0	8462.4	9958.4	9307.9	9530.9	10821.2	10891.8	10124.3	9005.4	9612.6	8650.7		10150.9	7526.7	12531	8375.5	10022.7	11845.4	10688.3	14536.9	16598.6	9663.9	9537.5	10807	6032.6	6952.0	6743.6	6299.3	6178.8
113	7460.8	9512.9		9695.7	22002.8	12759.4	17713.3	26438.6	25245.6	19535.2	22854.8	12368.2	19907.3	22113.6	15301.3	12286.8	24397.3	17651.8	29316.8	21536.4	15115.8	16017.0	26029.6	31024.9	33443.4	16600.4	11751.8		42477.5	31280	14133.7	12093.0	31321.7	41103.1	22586.4	11307.5	11925.3	24637.6	24447.1	24874.9	10379.4	12630.0	27649.5	34434.5	24477.3
Nonanal	13416.8	23642.2	12655.2	29096.3	30738.6	19790.7	31978.4	33780.7	36342.7	33141.4	38684.8	22858.2	33992.1	39349.1	27249.2	18040.4	46795.2	32514.7	40281.7	35866.6	21332.7	24806.1	41844.2	46771.5	44011.1	25257.7	21295.7	18369.8	72652.5	48222.3	25076.7	19748.0	51236.3	70369.9	39343.9	21592.2	21292.5	42179	43013.7	43694.8	16940.8	21886.7	45108.2	60008.2	42210.6
2,6-Dimethylcyclohexanol	7507	5359.6	10438.4	7929.5	10088.1	5660.8	6536.1	6509.6	6581.6	5504.2	4981.1	4166.5	7532.7	5372.8	6837.1	5663.1	8294.3	8190.5	9548.7	10171.5	7698.2	8497.1	6952.8	9815.9	8521.9	7705.6	6139.4	13302.4	10937.4	7843.1	5087.9	3591.8	6973.4	3016.9	7397.7	6887	8700.0	9883	6366.2	8928.9	4492.9	8405.5	4203.4	6879.6	6924.9
Maltol	10011.5	7891.9	12761.6	9169.8	9520.2	6015.3	11809.6	9316.3	10897.5	10390.3	8507.2	7259.2	7496.4	7730.1	8315	10272.4	9889.6	10748.5	13438.2	10278.3	8202.8	12021.2	12695.5	12661.6	15845.5	12576.4	15169.0	34565.7	13535	8851.8	8798.5	6975.0	13970.3	12180	8813.8	11274.3	9186.7	10269.7	7929.1	13105.7	9343.5	8262.7	8016.8	9723.4	5713.5
Levoglucosenone	2935.9	3708.2	4319	1321.4		1022.7	1678.6	5964.8	1591.4	1147.3	1004.7		1046	1352.9	1113.5	1400.7	1452.4		1643.5	1194.9	2253.5	2594.4	2116.9	2664.5	2381.1	2445.5	1707.7		2228.2	1023.9	4329.8	1041.7	1080.3												
Phenylethyl Alcohol																5142.6	1520.5	2584.2	3875	3146.4	4236.7	4142.3	7399.2	2534.8	2285.7	1769.7		23632.6	3124.7	2145.3						13220.1	28857.7	33444.2	26417.2	24080.9					
Methyl methylthiomethyl disulfide	67941.3	84997.3	90240.2	83304.4	77489.2	220446	287393	259375.6	233149.4	264091	53214.5	46591.6	64577.2	66007.3	78764.2	43101.2	62392.7	46791.5	44304.3	56667.4	37688.3	44768.1	35359.5	21662	65961.8	188144	160705.1	512479.8	156702.4	112184.4	100592.8	80073.3	75086.9	107709.6	60283.7	128442.4	224425.9	181632.9	197560.2	190621.1	121379.4	182971.6	79166.4	130634.4	92664.2
Benzyl methyl ketone	15796920.4	14491586	13012402.3	13100952.7	15104151.9	11897205	12193828	11411830.8	9734045.1	10030314.3	13304312	5123956.4	11903883.4	11955441.7	5538205.4	3308826.9	2861658.6	3359038	2542369.1	2926780.3	3966013.4	3395543.9	3393608.6	3177775.6	3450591.6	5621816.4	4382341.4	5195179.8	5451365.9	5034761.2	13206649.3	9926000.2	12367525.4	12471716	12187795.1	19566387.9	18797284.1	18038588	14855590.2	16810603.5	28335099.2	25028200.0	21248922.5	26987655.7	26165008.1
alpha-Methylbenzeneethanol	145871.4	147336.6	156223.1	116028.4	112272.9	59471.6	65295.6	74323.6	58192	53692	25500.6	15906.2	28603.4	28397.3	17234.9	17859.3	15778.0	18037.2	14798.1	16072.3	25799.7	25978.1	25019.4	21471.4	25314.8	285620	175080.9	113927.8	273933	172477	62830.9	35553.0	50234	37926.1	66143.3	188386.7	236487.9	238667.4	194374.5	195185.4	91506.7	118817.5	92271.3	67542.6	43305.9
Benzyl nitrile	6940.5	5329.9	8160.9	5219.9	6316.7	5718.9	5279.7	7422.4	6295.7	5014.1	4344.5	4239.8	4647.7	4543.6	4052.6	4458.5	4124.1	3881.7	4873.1	4492.1	4027.2	4300.4	4277	4622.9	4510.6	5774.3	4437.9	20893.7	5162.5	4957	5340.4	4542.3	4902.8	5530.2	4904.8	5156.3	5534.5	4591.1	4674.3	5062.6	4971.7	6397.5	4834.1	4684.7	4405
N,4-Dimethylbenzenamine																					47419.4	34930.8	71333	39995	28849.2																				
Camphor	1458	1082.1	2516.9		1350.4	2657.7	2223.4	3386.2	2768.2	2512.1			1066.4	1376.8	1024.9	1190.5	1292.0	2252	1483	2106	2168.2	1224.0	1547.2	2223.7	2913.8	1604.7	1124.8		1862.7	2128.2	1225	1307.9	1815.5	2001.2	1789.7	2044.2	1968.0	1801	1369.1	1724.7	1446	1344.1	1160.4	1731.7	2096.4
Sabina Ketone	1972	2006.8	2214.6	1945.2	2363.8											1170	1324.1	1614.1	1629.2	1629																									
2E-Nonenal																																													
2,4,6-Cycloheptatrien-1-one	15252.4	18091.1	32017.7	15065.6	15491.4	27809.6	38024	42328.7	35061.2	29921.4	28909.7	60550.8	39698.6	51628.4	87228.2	19677.5	22155.5	19551.3	24517.7	29532.3	18792	18175.5	23551.6	14479.4	23502.3	68604.6	49401.9	185824.1	83625.1	51328.4	25967.4	15235.4	21327.5	21856.2	23397.6	29148.4	32685.2	36705.1	36998.5	35418.9	15550.4	26215.5	26605.3	19880.8	21693.1
2,3,5-Trimethyl-6-ethylpyrazine 	13451	11459.5	11545.3	7243.9	10018.5	25201.5	52425.3	28869.5	29954.1	33293.1											417133.6	533107.7	549955.9	782465.6	506259.8	45754.3	39608.9	150340.5	68460.4	95068.5	11170.1	8594.4	14180.4	10895.8	7714.6	22783.4	25130.5	29679.5	19521.8	18574.6	14084.7	15635.8	117637.9	19980.5	32171.5
550	8108.1	6931.2	5285.9	7285.5	9384.4	3923.2	3581.9	2382.5	2705.4	4078.3						42206.7	41625.6	47592.3	42480	45987.9											2744.2	5630.4	4660.5	7299.2	6945.6	5812.5	6934.1	5833.3	4636.6	6983.8					
2,6-Dimethyl-3,7-Octadiene-2,6-diol		1651.3	2241.5	2005.5	2732.5		2656.9	3511.4	3383.2	3235.7	4889.1	1422.1	2555.2	4357.8	1467.5		5035.8	3609.8	4714.6	3638.5		2720.8	3985.6	5589.2	5141.1	1547.9	1762.9		9923.6	5334.8	1455.8	1309.1	5841	10228.7	3344.2		1982.3	2421.7	4143.5	4568.2		1902.0	4816	6167.5	3973.1
1-Phenyl-1,2-propanedione	10852.1	17934.8	17441.7	18411.6	16415.9	11030.6	9830	11947.5	13624.6	15808.1	9167.7	6279.5	10257	16125.4	6867.8	5239.4	3592.4	3896.3	3978.2	3893	2259.3	3890.6	6008.1	3512.7	4384.9	6745.9	4922.3	5206	30101.4	5728.8	11916.8	10433.1	36662.7	16599	16541.9	30058.4	27194.5	21482.9	15443.8	22039.1	27856.4	37528.5	46131.9	37545.2	56150.8
383		1732.1	2258.7	1937.9	2650.8		2594.3	3603.8	3235.4	1992.8	4827.8	1318.8	2649.2	2840	1415.9		5103.2	3616.5	4225	3568.5		2540.2	4112.6	5681.9	5210.8	1486.4	1797.0		10089.5	5229.7	1420.5	1239.4	6052.5	9804.1	3176.8	1388.5	2101.1	4852.1	4176.7	4474.7		1978.7	4497.6	5940.4	3888.4
79		2967.1	3575.3	3244.6	2660.7	2066.7	3237.6	4294.3	4990	2715.2	4951.4	1847.3	3335.7	4724.6	2056.3	1853.2	4998.7	5288.4	3639.2	4411.8	3057.2	3951.4	4814.8	5592.4	5170.5	2197.9	2278.4		9897.6	5916.8	2204.4	2159.2	6150.6	10530	4161.7	2611.1	3261.7	5666.2	3844.5	5692.9	1886.4	2015.3	4627	6348.3	4986.9
1-Nonanol	2032	3269.3	3233.4	3393.1	4111.7	2330.7	3307.9	5398.1	5880.8	4148.9	5145.8	2005.4	3254.9	4881	2419.7	2232.2	6478.2	4999.6	4572.9	4835	3642.3	3332.2	5588.8	5198.9	6109	2427.5	2008.6		11387.1	6645.3	2109	2505.8	5553.7	9850.2	4316	3917.2	3511.6	4833.4	3930.8	5252.2	2584.8	3004.1	5685.7	5425.9	4304.5
Menthol								3343.2	2305.3	1960.8						1923.5	1923.5	2489.5	1809.4	1728.4	3101.6		4294.1	4305.3	3327		1203.1		2040.2	2424.1						1846	1718.6	1701.2		1560.5					
Octanoic acid																																													
69	2109.5	2290.2	2596.8	2513.6	2037.1	1766.7	2532	2935.9	2349.1	2512.2	1458.7		1354.9		1138.7	1639.8	1884.4	1917.3	1941.7	1806.5	1728.3	3191.1	3552.2	3337.1	3713.5	1792.8	1447.2		2089.7	1887.6	1970.9	2168.9	2423.9	2189.7	2144.5	2159.5	2498.8	2531.5	1963.6	2509.7	1547.5	1366.7	1213.1	1686.7	1449.6
70	1133.1	1003.2	1729.2	1245	1001	1013.2	1124.5	1310.8	1512.6	1048.7								1168.4	1716	1219.5	1769.6	1744.3	1811.3	2014.6	2374.8						1190.4	1056.2	1237.5	1262.6	1223.9	1039.7	1347.4	1208.6		1059					
Naphthalene	14602.9	13898.4	13799.7	14315.3	16160.1	14599.8	15100.3	13347	14747	14946.2	14930.2	12576.3	14543.4	15728.3	12290.8	15176.5	15855.6	15240.1	14373.2	13123.1	14076.2	13476.5	14508.4	15546.8	14617.5	15403.4	13588.7		13278.7	16035.7	12318.2	13878.0	14975.3	16077.7	16015.6	16618.5	16015.8	16160.4	14648.4	16848.5	15255.5	16309.9	13284.9	16442	19317
3Z-Hexenyl butanoate							1053.8	1017.9	1553.2	1066.1						1055.7	1053.5			1414.7												2372.0	2856.2	4147.1		3610.3	1450.7	1284.3	1350.7	1726.2		1147.0	3043.9	1582.9	1071.4
p-Acetyltoluene	5674	4822.8		4251.2	6219	5090.8	4563.5	3870.8		5015.3	4821.7	3851.3	6255.9	5196.4	4014	4858.6	5108.9	7292		4832.2	2956.6	3912.0			4343.8	5146.1	4007.0	7899.2	4346.4	6644.2	4035.6	5173.4	5764.5	5169	6941	5474.9	5394.4	6133.2	4339.5	5566.2	4961.9	5314.9	4866.8	6553.9	6626.1
2-Decanone																2054.4	1449.8	1607.3	4671.6	3146.6	1829.7	1660.8	2429.4	1581	3840																				
Methyl salicylate								4305.3	4267.8	3176.7								3774.3	8695.1	5356.2			73184.1	6626.9	5670.8								2619.6	2346.5	2398.7	1889.5	1246.6	3629.2	3416.7	3195.2		1218.8	11594	3981.7	3044.2
Dodecane 	53990.5	46006.2	56407.6	52293.3	41570.2	39145.2	36904.7	50592.7	41569.6	47401.3	29030.6	24520	24490.5	31656	29070.8	27727.3	32639.1	33283.7	38978.6	29969.5	53147.9	62380.2	69337.4	49489.6	62961.2	24360	26612.0	50203.6	22394.7	25937.7	34022.3	34261.7	30668.8	44666.1	33030.3	43396.1	53118.6	46879.6	40529.2	47489.3	54521.5	48831.7	44805.3	55187.8	52483.1
1-Ethyl-4-isobutylbenzene																																													
Decanal	6877.7	14724.9	8700.7	13261.6	14822.5	9066.5	16288	23983.1	27067.3	23545.8	22687.4	12665.9	17611.6	23636.9	13106.1	7256.6	27881.0	20498.1	26254	26427.2	7571	11140.9	23753.8	30424.9	34489.7	11326.9	12890.3		52827	30629.3	14008.3	14722.2	36613.1	50942.2	25011.6	16483.2	16053.6	25792.6	27178	29981.8	10241.5	11493.1	28895.9	37075.8	25903.5
1-Isobutyl-2,5-dimethylbenzene																																													
130	2260.1	1870.1	2014.5	2140.1	1907.3	1456	1560.4	1523.1	3267.5	1509.4	1131.9	1082.7	1067.1	1466	1021.8	1918.8	3124.3	2154.9	2996.4	2138.3	3094.3	3459.1	4701.2	4032.2	4125.3	4595.6	5617.9		23277.2	12926.6	1806.8	4671.2	3781.1	5180.5	2078.3	4809.5	2694.9	2751.6	2301.9	2929.1	1993.7	2343.9	4260.9	3041.1	2314.6
Dimethyl tetrasulfide	11908.9	4165.9	12338.3	11142.2	19754.6	33764	43850.6	28685.9	30882.9	57071.3																										7135.7	22971.4	20265.3	16126.9	18372.3	10419.4	28121.8	10066	7911.5	3731.5
2-Phenoxyethanol							5464.3	6552	6531.7								2888.8	1631.5	5846.8	3548.4			3928.4	4724.8	4075.3																				
Benzothiazole	12715.9	10889.2	15732	12605.8	12381.6	11820.1	16453.8	15892.8	13551.7	12764.3	9327.1	8624.8	12488.7	10021.8	10043.3	10323	12622.9	10805.7	12730.7	10373.8	12367.4	11323.2	14273.9	16168.7	16539.5	15817.3	10540.0		13830	12867.9	13913.5	7587.6	9698.2	9485.7	10937.7	13845	11837.2	12376.8	10601.8	12803.6	11105.7	9947.0	12848.3	14886.4	12918.1
1-Phenyl-2-butanone	13739.9	10523.7	14461.4	10900.2	12612.7	9906.6	13568	11069.9	10966.2	10069.9	6609.9	3489.4	7465.2	6796	3913.1	13972	12586.8	13998.8	13467.5	13996	14862.4	14058.4	16943	17435	18943.5	26095.7	19710.7		27715.5	22153.6	9737.5	5711.9	8239.7	7731.3	7757	18596.5	12405.3	15916.3	9375.7	7439.8	13958.5	13229.3	16305.7	15770.7	14002.2
1,3-Di-tert-butylbenzene	5972.2	5622.5	5004.3	4716.4	5643.6	8388.7	9398.8	9445.9	7958.1	10481.8	3165	2569.1	4102.7	3741.9	2236.1	8240.9	9181.5	7872.3	8561.7	8086	12914.2	10952.1	11566	12122.1	13976.4	3564.8	4534.3		3523.2	3855.5	2928.3	5016.6	3801.4	3016.2	5016.6	14955.4	16209.6	15749	11269.2	13074.4	11197	12161.8	9980.6	11415.6	12776.3
Z-Cinnamaldehyde	8279.9	11489.6		9665.5	16508.8	6798.1	34734.1	61415.6	53109	143474.1	12655.4	5940.4	53413.1	23458.5	19476.2	15295	7079.8	68946.1	93999.6	80187.4	9087.1	6341.5	386589.2	85084	94667.3	35046.9	8754.8	24037.9	37233.7	94547.3	25491.5	5696.0	20576.1	21607.2	24677.1	13128.5	11021.9	77184.3	40247.3	57581.3	9683.4	9346.0	946431.7	114608.7	86660.5
Decanol	4684.6	5018.8	4850.6	4527.5	4616.1	2987.1	3527.9	4208.4	4900.6	4311	4517.2	2914.9	3343.5	4702.3	3866.9	5080.6	5391.8	5861.6	7353.9	5740.3	7229	7430.9	8288.2	7521.5	8832.7	2458.4	2359.3		2874.4	2871.2	4307.8	4138.6	4618.5	4856.7	3214.4	3957.6	5146.2	5321.5	4287.3	4604.9	4497	5415.3	4826.5	6131.8	5567.4
2-Undecanone 																47517.1	53444.9	49695.5	54717.7	56253.4	29420.1	28812.7	31622.7	32595.9	35283.2																				
2-Methylnaphthalene																1453	1432.1		1932.3	1614.4	1724	1048.7	1273	1880.3	2698.7																				
Tridecane	21719.4	19071.5	42309.6	19126.1	20518.3	6921.8	6767.7	37598.6	10159.5	8914.4	6441.5	4863.9	5109.6	6573.6	7132.4	7983.2	7889.7	9015.1	14169.1	9709.8	10103	10349.5	11601.7	10131.8	12029.7	4438.5	6601.3	63196.6	7679.6	7662.4	5499.1	5651.0	5346.7	9279.9	5602.5	7019.1	10240.9	8114.2	7842.4	7682.2	11113.3	10729.8	9197.1	11054.9	9233
538	19670.2	14867.2	17607.7	14005.4	13088.9	9190.4	8580.5	12896.5	13549.4	11891	13562.9	10779.9	10123.6	12271.7	11405.3	14880.8	16753.3	18875.9	24882.3	16697.6	17854.6	17470.1	23091.3	19157.4	22670.4	7779.7	8321.8	13198.5	9873.1	8290.9	13306.5	11274.4	9487.7	15635.2	8675.8	10125	15746.9	12617	10228.7	12395.6	13055.2	17079.5	11264.1	13442.6	16056.5
Undecanal 	1830.2	2010.4	2734.8	1781.8	1862.6	1396.3	1486.6	2159.5	2276.7	2293.1	1873.2	1314.8	1351.2	1796.2	1397.6	1691.5	2357.4	1973.2	1891.9	2086	2918.9	2560.8	3183.8	2990.6	3279.1	1128.9			2250.3	1357.1	1589.3	1532.9	1429.5	2019.2	1170.2	1514.8	2275.0	1975.3	1621.1	1624	1591.6	1924.2	2145.7	2768	2822.8
524	17818	19020	19503.6	18457.4	14077.3	8594.6	8680.2	7250.2	8971.1	11008.5	15420.9	9832.5	9593.2	11840.9	11468.7	15510.9	18346.1	23344.9	30679.3	20479.8	21350.1	22940.2	27858.2	21327.2	27589	6382.6	7515.5	14558.5	9135.9	5988.9	12968.3	12493.5	8998.9	12745.2	8076.7	9360.9	15706.1	13684.1	9758.7	10730	9452.2	16401.4	12075.7	13814.8	18766.3
1,2,3,4-Tetrahydro-2,6-dimethylnaphthalene																																													
525	28142.7	32475.5	30655.8	25615.3	22227.4	19259.4	15418	20142.7	23575.9	27548.8	21683.7	16809.7	19237.5	20425.1	18531.5	18695	28280.6	25120.1	33502	24514.3	33498.1	34830.1	38933.4	37654.2	46848.4	14816.4	17992.7		18336.6	16309.4	22445.8	21826.9	15322.9	22896	15043.3	25358	33959.7	28932.3	19746.6	20412.3	20752.4	29659.3	23954.1	24937.2	32787.4
1,2,3,4-Tetrahydro-2,7-dimethylnaphthalene											1887.1	1407.9	2013.5		1740.4		2043.6	2074.8	1743.1							1047.2	1165.4	1665.9																	
526	24193.3	20898.7	26663.4	22730.5	19930.4	17366.3	15316.2	19089.6	19043.7	17548.1	14437	12004.6	14192.9	14406.7	15910	17311.5	15440.9	16713.6	19141.3	15442.6	24236.7	24250.4	28964.3	27220.3	28353.8	9296.2	10397.0	12929.2	9517	11379.3	14635.8	17241.2	12989.8	20376.5	11367.5	18461.4	28412.1	24769.4	17235.3	19020.8	21405.2	20844.2	15354.9	21858.9	20659.9
330	1319.1	1712.7	3081.8	1208.7	1879.6	2461.4	2950.6	2361.2	2895.7	3443	3802.7	4269.3	4805.1	3219.4	3918.3	1721.3	1787.7	1497.9	1666.9	1668.4	2035.6	1421.8	1572.6	1549.7	2825.1	6427.9	6714.3	10048.9	5803	6932.6	7726.2	8490.4	6919	5943.5	8530.2	2901.5	3174.1	2927.6	2289	2287.1	2848.7	3977.7	4130.9	3117.7	3802.5
5-Phenyl-2-pentanone	30543.8	29364.7	47916.7	32113.1	31051.9											6092.5	4982.2	4791.4	6751.7	5330.5																	2004.7		1873.9	1411.6					
Propanoic acid, 2-methyl-, 2,2-dimethyl-1-(2-hydroxy-1-methylethyl)propyl ester	10822.7	12328.8	30745.6	13745.3	12343.9	9353.1	9629.5	14524.8	16873.3	9210.2	12944.6	13661.9	10544.7	11911.3	12166.1	18260.6	11582.0	12635.4	21035.9	15903.4	9995.8	12242.4	33901.3	14174.5	26831.1	23587.6	13166.8	45154.3	39445	22126.7	13543.5	13923.1	20064.2	20489.9	16541.1	15413	14998.4	16232.2	18193.6	24430.3	9801.5	11765.2	29145.3	22921.8	22703.5
n-Decanoic acid 																																													
3-Methyltridecane	30773.6	14815.7	21546.7	31310.9	11993.8	14165.7	7341.3	24531.9	21889.5	8787.4	7677	5160	7475.9	16303.7	15357.9	10200.4	7160.6	14489.7	12186.1	9363.4	14618.2	29823.3	37437.8	12468.5	17470.1	7989.7	6361.4	25919.2	7351.7	5790.6	10758.2	8699.7	10639.4	26919.1	8887.6	11698	22399.7	16593.9	18907.3	22783	25290	15554.1	10925.9	30120.4	17202.3
Propanoic acid, 2-methyl-, 3-hydroxy-2,4,4-trimethylpentyl ester	17169.6	22480	67237.2	15069.4	15820.4	15338.4	13786.1	43016	18497.3	17080.3	17500.9	21837.2	15322.7	15346.3	14079.5	27252.4	16304.7	19018.2	34594.8	19853.9	15091.3	23983.8	49242.8	25736.5	39704.8	33078.3	16683.8	49393.3	45531.3	29554.4	14454	25144.5	40830.4	39428.4	21786.5	22386.6	21338.1	20572.1	25250.9	35611.5	16182.2	24740.3	47097.8	33381.1	30506.2
Tetradecane	66286.1	40771.8	54381.2	55998.5	33267.9	39314	21953.9	53440.5	48077.6	31954.2	28337.7	21282.1	24671.8	38912.8	34463.9	36307.6	32291.5	50839.9	32832	38344.8	28849.9	61687.4	74920.1	37623.5	43939.5	29597.2	20271.3	62079.4	25670.5	21047.3	21152.5	20531.3	36629	65938.7	22205.6	32128.1	34578.5	31786.1	35966.7	52456.2	44610.4	41309.4	29737.7	52142.8	44552.8
539	10386	8663	8258.5	8375.2	7317.7	5617.3	5010.4	7994.7	7223.8	5582.6	9836.7	7663.7	9254.1	7831.4	8280.7	8092.2	10631.8	11094.6	10451.7	7589.5	9477.3	11036.6	11674.7	11448	10605.4	29597.2	25686.2	20959.8	29766.7	25084.3	8945.4	9784.5	11062.2	17942	6587.5	11336.1	15085.4	13359.3	12977.3	17243.9	17628.8	10794.0	9890.4	20684.7	13465.9
527	28784.7	24146.1	18284.7	20180.1	10228.4	8270.6	5221.2	8391.6	1170.6	8852.9	18834.4	7103.7	11234.2	17879.5	11963.3	12394.9	14437.7	23441.7	22971.6	16203.5	19156.2	24036.1	28000.1	16919.9	21276.8	5643.1	7816.3		10434.7	6290.9	12752.8	11498.9	5547.4	23454.8	4621.9	10698.6	15458.6	15737.2	10905.4	11672.1	18351.7	24053.6	10355.6	21575.5	17193
540	20879.2	18826.7	18928.5	17607.6		8494.9		14452.3	14046.4	8272.7	13060.7	4267.6	7973	13583.5	13316.4	9060.9	9421.9	9798.1	10295.8	11750.3	12564.6	17440.4	22417.3	16389.9	17341.5						8707.4	8956.0	6443.6	12969.4		9151.6	12009.7	11469.6	8190.8	11387.1	17889.1	17550.0	8079	22777.3	16024.4
541	10557.6	8519.1	9799.6	9601.3	5670.7	4663.5		7927.3	7423	4357.4	7855	3154.1	5451.6	7156.6	6016.1	6201.5	5737.3	6031.4	6662.5	5350.9	6529.2	9010.0	10757.6	8026.8	10863.7	4982.8	5053.6		6342.8	2901.5	6333.2	5972.0	3676.3	8119	1863.7	4035.6	6593.2	7887.3	5437.1	5674.3	9202.6	9658.9	5827.5	10650.3	8704.8
542	19974.3	14748.9	18188	21863.5	11236.3	12429.4	5508.9	13848.5	16076.6	9141.1	10449.5	6462.3	7726.2	13885.2	13172.4	10181.5	9832.0	10927.6	14858.9	11420.6	12780.6	20124.2	25668.9	13501.3	15963	6555.8	8161.4		7205.5	6587.3	7256.7	8045.1	6868	18846.1	5931.3	9797.5	15922.3	14438.7	12054.9	12569.5	19230	10584.5	10083	22987.7	15793.2
528	35509.5	31957	21135.7	30844.1	15525.1	13166.2	10276.8	23197.5	15975.8	15351.3	30477.5	16255.7	18300.4	25505	24499.9	19528.6	21027.4	18101.6	22710.6	19617.8	25498.8	35577.9	41735.8	29582.8	40066.4	7453.4	12939.6		12982.2	7982.6	21975.5	21888.6	9509.3	32859.1	5939	15411.2	29251.9	25683.1	15997.4	15312	25130.2	36023.9	16372.4	29418.9	32408.4
529	19843.2	14703.3	15543.9	13225.2	9191.9	8484.3	3986.1	13451.7	10136.8	9312.4	11561.1	8424.8	10141.1	12302.8	14499.4	9625.1	10998.2	13535.8	8001.7	12830.1	11468.2	18407.3	19766.5	14771.2	18681.1	4565.1	4449.9	27845.2	11274.8	5555.9	10112.6	10370.3	6066.8	11587	4456.3	9043.1	16798.3	13603.6	9407.3	8705.9	11412.6	15497.0	8043.8	18027.22	16412.7
530	52574.7	50957.8	48839.5	47072.4	29445.6	25011.4	8003.1	38279.7	31960.9	28037.6	53092	25393.2	30947.9	43801.4	38067.2	35220.2	48215.2	50636.5	59893	47110.9	47638.4	56044.4	66879.8	47101.2	52057.5	13685.5	19974.5	33660.6	22056.2	12050	36360.7	29705.8	18136.9	41814.9	9083.7	24181.9	54528.9	32956.5	24920.1	30023.5	44335.9	57734.9	26164.2	53260.4	52817.4
531	25006.5	19597.7	22215.3	18267.1	12697	12532.9	8210.3	16348	12771.2	12619.8	13617	11036	12314	13597.3	13323.9	13572.7	17832.5	17603.6	22403	17750.5	17155.5	21562.6	22527.9	17606.4	23463.9	6426.5	11468.8		13252.3	7812.9	13229.9	13552.2	9109.6	13662.3	7227.4	11974.3	21202.9	17384.6	11544.3	12685.8	16880.6	20234.4	10950.5	21052.9	22342.2
Dodecanol											4941.7	6858.1	4481.5	5028.5	4573	7056.9	6724.2	3138.2	10644	6057.5	4723	4562.1	5782.7	5115.1	4917.9	5251.4	4478.6	24607	6020.9	4663	5880.3	5884.6	6584.7	9027.2	3159.3	5389.4	4669.5	4602.5	4092.1	4407.4	4880.3	7344.0	5909.1	7162	6454.9
532	16135.5	12642.6	19442.3	13847	9483.7	7749.1	9556.7	14539.8		7186.9	16256.7	8393	13871.9	10211.1	9692.1	11515.4	13702.4	11466.7	19036.5	12790.8	11300.6	13285.8	19623.8	16446.8	18354.1	4114.3	7404.8		13949.9	6289.3	10647.4	10358.7	7989.2	16870		9443	17062.0	11642.8	9331.4	10542.2	11733.9	14307.4	9427.8	15446.9	14736.8
533	32820.5	27269.8	19176.7	24980.1	15369.2	13032.2	3942.3	19511.2	18756.4	14410.2	23468.9	12900.1	16225.3	21278.8	20917.6	17629	20724.7	20748.7	29141.7	15379.2	24550.1	19864.9	31030.4	22683.2	32596.7	7226.8	15329.6	31449.6	12047.8	8000.7	21379.5	15153.0	9176.1	16693.6	3771.6	12820.9	27329.9	18368.1	13070.3	13686	21961.9	27514.0	14382.6	27184.2	26422.4
543	21603.7	19642.9	21113.5	18595.1	12927.6	12511.9	4676.4	17103	10984.3	9105.4	20748	12325.2	11813.6	15677.6	13282.8	16117.7	16553.1	19054.3	14916.5	16124	15957.6	15742.7	20676.9	18836.9	22120.1	6702.4	11467.7		12715.3	6380.1	11357.7	9777.9	7055.5	13231	4337.3	11079.3	20381.5	18063.3	12147.5	11389.1	16931.3	17183.5	10029.3	21446.5	19682.4
544	40717.2	38625.5	37610	29685.5	22546.4	16852.4	8404.3	28208.2	23032.8	18972.1	32427.9	19153.7	22882.6	29198.1	24877.9	24591.3	25732.0	30287.7	25171.4	22877.4	29806.7	32901.7	39278.2	28235.9	44116.9	9967.9	22224.3	37046.9	15826.4	11760.2	25624.9	20848.8	12907.9	32890.9	6551.8	17088.2	39262.7	26670.1	18151.5	19382.1	31016.8	37690.8	19885.5	37168	33995.8
545	85824.6	78070.8	72677	74653.3	50386.4	40629.7	20957.8	60736.8	51688	50744.4	62502	44682.7	57464.3	61502.6	59239.8	49053.2	69221.2	70688.7	85581.6	71561.1	62590.3	81029.3	84749.6	72405.5	101257	23904.4	47798.4	65831.5	54628.9	28455.1	58329.7	61325.7	35887.5	38537.7	19569.5	50024.6	88336.1	66317.6	47241.5	42827.2	60428.3	77580.3	38772	71472.5	80456.2
delta-Decalactone	23180.1	17279.5	17960.8	15755	10454						6215.5		8474.4	7644.6	7100.4	11548	13467.6	10953.5	17731.4	13637.6	14241.9	19812.5	21661.3	17126.3	25154.8		10470.6	28751.3	13895.7	4290.2	14156.4	14345.6	6080.3	15993.4		11302.8	21199.9	14587.7	7393	7974.9	13546.3	17746.9	7391.5	19257.1	17256.8
Pentadecane	77177.8	68449.6	58840.3	69141.5	45225.2	17048.9	11180.3	29232.4	25860.3	17550.8	24346.2	19145.8	21691.5	23560	19717.9	24797.9	24246.8	25895.2	26189.8	20104.4	23139.6	27704.7	32919.9	29476.6	27989	15555.5	19737.7	17852	22453.9	14663.6	21971.7	17165.2	13796.4	20021.9	13867.1	23653.9	28487.3	22094.8	20524.3	24356.1	29301.2	33634.8	24533.9	40635.2	31549.7
534	26314.1	21658.6	25216.7	23505.5	16775.9	14975.3	7442.5	21391.8	19510.6	17370.3	13033.5	15691.2	16877.9	19216.1	19232.1	10711.3	9633.9	9826	9883.1	8115.1	13163.9	11074.2	16553.3	16016	16405.9	9630.2	12108.7	33251.8	14248.5	10207.5	12276.7	13726.3	10182	13167.8	6859.2	9838.3	13706.8	9730.9	10054.5	8233.7	12251.2	12174.3	9686	14861.3	11739.8
2,4-bis(1,1-Dimethylethyl)phenol						3808.9	4633.2	4626.6	5151.8	4549.8											3634.3			4252.4	6033.9	2763	2240.5	8005.5	3206.9	3346.5															
184	6827.1	5718.4	7115.6	6076.3	4553.5	5281	2386.5	7841.5	8843.9	6173.2	8134.3	5748	6772.4	7764.2	7958.7	6797.8	7142.4	7120.3	7522.3	7129.3	9928.4	10548.0	9446.5	9153.8	12246.9	4509.1	5578.5	5413.1	7318	4332.4	6863.8	5365.3	4311.5	8431.1	2418.9	5922.5	9445.5	8765.7	5586.6	6586.1	7944.7	10501.9	5921.5	10700.3	8866.9
Ethyl 4-ethoxybenzoate	7228.9	6308.6	11947.4	9086.5	8718.8	5522	8374.1	12438.8	12319.5	9528.1	6064	7262.5	8283.2	8019.3	9258.2	10000.5	10940.3	9364	13690.9	10705.6	8237.8	9452.1	11476.5	11560.4	12805.9	14526.2	12640.9	34099	16359.6	20045.4	9461	8116.5	9492.1	9669.9	8976.6	9800	9808.7	13141.4	8954	11273.6	23450.8	31176.9	19007.8	13945	11778.3
178																										1903.5	1116.0		1974.2	1202.7															
2-Hexyl-1-decanol	25517.5	18825.3	22077.5	25621	18432.6	17501.3	7750.9	25307.7	23534.2	18822.7	18635.8	16450.3	17209.3	19811.7	22918.9	25896.5	23273.5	20826.2	24457.5	21913.8	20825.9	22497.7	27951.2	25022.5	27780.2	11137.4	13978.5	19413.8	22031.6	12076	20230.3	17381.8	14183.5	24785.2	7489.5	18600.5	19777.8	23048.5	21377.8	19620.4	21799.5	21883.4	15984.6	23670.1	25072.5
535	52895.9	48118.3	55246.4	50910.4	40592.6	29625.4	19061.5	39231.7	37127.6	33319.1	41151.3	33786.7	36686.8	45175.7	43882.4	40502.6	37525.8	32770.3	35423.9	41406.2	46207.4	47347.0	43990.5	51813.9	56821.4	19229.2	33346.0	56655.3	42538.8	21119.2	37897	38985.8	26266.9	40077.6	20531.5	33176.9	50376.8	40634.9	37068.4	30962.2	49446.7	41472.1	34074.5	49843.9	47888.7
546	21567.6	18121.3	24722.7	18738.9	15122.7	13424.3	6746.6	16398.9	18137.3	13789	14944.9	12851	14652.1	15995.4	17305.3	14512.3	15134.9	13322.1	16127.9	16577.3	19688.6	16613.3	17939.4	17100.6	20279.9	10344.5	13209.3	30323	16586.5	10490.4	16528.5	14730.1	12375.2	15792.6	7416.1	14270.8	19152.0	16799.3	14005	15601.5	15707.3	18246.2	12596.7	21944.8	18198.4
547	14407.6	10805.1	19032.8	12174.7	10770.6	9806.8	5994.7	7925.7	9210	9463.2	8596.6	7910.7	8516.9	10485	11379.9	10159.9	9116.6	9237.8	7913.6	9155	9841.4	13125.7	9089.7	13080.6	21343.9	7973.4	9099.1	24112.1	10476.5	6698.7	8776.6	7254.7	7185.7	9543.6	8966.8	9037.7	12433.7	13660.6	8433.5	12052.9	10133.5	12247.9	8326.1	13864.3	12062.5
Hexadecane	8068.8	8078	23337.4	10153	11223.6	8997.8	10316.3	13928.7	15796.1	12414	7510.8	8703.2	9366.7	9806.2	8710.1	11662	11328.5	9553.1	12293.2	11805.5	9594.1	9587.7	13553.8	14650.9	11615.7	10041.6	7580.4		15466.2	10298	8121.5	9117.7	12136.3	12170.3	9561.7	9840.3	9593.8	10692.3	10621.9	14282.1	12026.5	10179.5	14898.4	13806.2	13456.5
Propanoic acid, 2-methyl-, 1-(1,1-dimethylethyl)-2-methyl-1,3-propanediyl ester	5375.4	6900.4	40019	7757.2	7824.2	3805.9		15570.6	9280.5		11859.6	12873.5	6790.4	5767.2	7035.6	16519.7	17827.2		11088.2	25873.7		8814.0	27379.2	15151.7	23482.4	17189.6	6011.0	52671.7	19087	12611.3	11119.5	10663.2	23179.8	21170.6	14674.9	11844.9	7710.6	13836.2	10203.7	21289.1	9827.5	8010.7	35121.2	19589.4	13918.3
Tetradecanol																																													
370	1591.3	2038.2	4757.1	3258.9	3131	2197.3	3727.6	2848.9	4391.1	3246.1	1815.1	3009.4	3198.3	3138.5	3603.2	5400	4391.7	2619.2	5430.1	4117.4	2714.2		4283.4	4193	3584.7	4014.2	3001.4		5705.9	3512.9	2664	2332.3	3794.1	2712.2	2793.8	3284.6	2169.2	1695.7	2229.4	3267.9	2299.2	1713.9	3873.1	2708.9	2885.4
Heptadecane	5461.1	6324.1	22571	7043	10710.2	7265.5	9066.9	12593.7	11859.5	8306.3	7020.6	8381.3	7412.9	6523.3	6635.1	9341.5	9468.4	8813.2	9700.8	10018.2	7853.2	7378.1	9565	8499.6	7698.3	9694.5	9187.1	45586.3	9751.8	13156.7	7268.5	10287.5	13239.4	12030.4	10407	12453.6	8794.0	8552.8	9763.4	10176.8	8792.3	9131.9	13205.5	13535.5	9306.6
Octadecane		1742.2	16782.8	2057.5	3190.5	1497.6	5147.2	4781.3	6259.7	4146.2	1521.2	2932.6	2770.2	2521.2	1696.6	3524.5	4263.7	2992.1	5764.8	4773.2	2447.8	2053.8	5872.6	4397.2	3378.1	2721.6	2688.0	29664.6	7158.8	4576.9	2170.6	5014.1	4973.5	6650.5	3479.1	6570.1	2633.6	2560.3	3872.1	4224.2	2721.1	2933.5	5606.5	4546.7	3742.8