0	900_1	900_2	900_3	900_4	900_5	738_1	738_2	738_3	738_4	738_5	962_1	962_2	962_3	962_4	962_5	862_1	862_2	862_3	862_4	862_5	876_1	876_2	876_3	876_4	876_5	BHB_1	BHB_2	BHB_4	BHB_5	947_1	947_2	947_3	947_4	947_5	341_1	341_2	341_3	341_4	341_5	908_1	908_2	908_3	908_4	908_5
Ethyl alcohol 	1.0765	0.9822	0.7394	1.0798	0.5948	1.2145	0.4731	0.7746	1.0660	1.0434	3.6306	2.1625	1.6977	0.5341	1.2595	1.9880	1.6797	1.6203	2.0371	0.6482	1.0791	0.4823	1.0531	0.4085	0.6382	1.0912	0.7476	0.6559	0.7666	0.3766	0.3833	0.4313	0.3544	0.9753	0.5244	0.2618	1.5239	1.1291	0.8817	0.4991	1.2235	1.2041	2.3257	1.8957
2-Propenal 	0.0229	0.0288	0.0367	0.0475	0.0381	0.0245	0.0245	0.0516	0.0469	0.0520	0.0432	0.0453	0.0295	0.0293	0.0255	0.0261	0.0367	0.0205	0.0298	0.0263	0.0285	0.0250	0.0336	0.0224	0.0301	0.0209	0.0206	0.0409	0.0335	0.0330	0.1202	0.0867	0.0378	0.0392	0.0531	0.0327	0.0372	0.0462	0.0457	0.0329	0.0463	0.0564	0.0416	0.0516
Trimethylamine 	0.2211	0.2876	0.4895	0.3403	0.3004	0.1906	0.2212	0.2601	0.2259	0.2612	0.3731	0.4229	0.2035	0.3622	0.2880	0.3283	0.3006	0.2447	0.3248	0.2576	0.3209	0.2095	0.3570	0.2735	0.2828	0.3933	0.2332	0.3307	0.3899	0.2503	0.3248	0.7818	0.5053	0.2864	0.2718	0.2200	0.2302	0.3292	0.3729	0.2267	0.2911	0.5225	0.2509	0.2896
2-Methylpropanal	1.9353	1.7190	1.4288	1.6799	1.5605	1.4358	1.4984	1.3805	1.1265	1.4108	2.0802	1.8776	1.3214	1.5065	1.2817	1.0370	0.9630	1.0795	0.6460	0.7631	2.7569	1.9859	2.1772	1.5700	2.0950	2.6034	1.8138	1.3180	1.7537	1.1029	1.0088	0.8049	0.6494	0.5535	1.2478	0.9640	0.8633	0.7189	0.8710	0.4024	0.5571	0.3437	0.2907	0.2867
2,3-Butanedione 	0.8952	0.8315	0.5615	0.8105	0.6276	0.7134	0.6009	0.6802	0.6530	0.6614	1.4438	1.0944	0.7374	0.6016	0.6037	0.6772	0.9440	0.6803	0.8416	0.7822	0.7057	0.4669	0.8489	0.4330	0.5102	1.0345	0.6249	0.4877	0.5319	0.5015	0.4217	0.5432	0.3542	0.3733	0.5881	0.4460	0.6315	0.5091	0.4806	0.3705	0.6676	0.3975	0.5829	0.4823
2-Propen-1-ol	0.0000	0.0000	0.0000	0.0000	0.0000	0.0000	0.0000	0.0000	0.0000	0.0000	0.0000	0.0000	0.0000	0.0000	0.0000	0.0552	0.0675	0.0441	0.0547	0.0396	0.0742	0.0535	0.0586	0.0370	0.0479	0.0000	0.0000	0.1311	0.1405	0.0900	0.0880	0.0735	0.0631	0.0537	0.1114	0.0892	0.0737	0.0687	0.0788	0.0412	0.0488	0.0352	0.0337	0.0312
2-Ethoxy-2-methylpropane	0.0348	0.0359	0.0356	0.0334	0.0359	0.0321	0.0340	0.0425	0.0376	0.0422	0.0302	0.0327	0.0228	0.0199	0.0267	0.0181	0.0268	0.0205	0.0295	0.0264	0.0186	0.0000	0.0135	0.0075	0.0089	0.0370	0.0290	0.0239	0.0294	0.0181	0.0153	0.0148	0.0098	0.0137	0.0158	0.0119	0.0152	0.0133	0.0145	0.0058	0.0124	0.0093	0.0091	0.0090
3-Methyl-2-butanone 	0.3371	0.3893	0.3170	0.3430	0.3486	0.1878	0.2963	0.2176	0.1886	0.2667	0.1597	0.1421	0.1007	0.1150	0.0938	0.2045	0.2342	0.1550	0.1700	0.1819	0.1731	0.1169	0.1360	0.1018	0.1001	0.2244	0.1928	0.1627	0.2083	0.2173	0.2371	0.2043	0.1719	0.1712	0.1786	0.1412	0.1433	0.1252	0.1687	0.1054	0.1179	0.0892	0.0945	0.0973
2-Butanone 	1.8309	1.7274	1.3894	1.6019	1.4629	1.3525	1.5053	1.3931	1.1083	1.3361	1.9698	1.8242	1.2674	1.4564	1.2739	1.1242	0.9346	1.0677	0.7864	0.7847	2.9878	2.0871	2.1277	1.8201	2.0616	2.5043	1.7779	1.4253	1.7431	1.0085	0.9215	0.7893	0.6306	0.5688	1.2557	0.9364	0.8107	0.7619	0.8711	0.3825	0.5127	0.3738	0.3254	0.2729
Amylene Hydrate	0.0322	0.0392	0.0246	0.0355	0.0257	0.0190	0.0254	0.0221	0.0204	0.0356	0.0349	0.0298	0.0263	0.0260	0.0280	0.0241	0.0296	0.0248	0.0288	0.0310	0.0311	0.0132	0.0186	0.0151	0.0147	0.0429	0.0305	0.0282	0.0359	0.0238	0.0291	0.0249	0.0148	0.0194	0.0236	0.0186	0.0237	0.0207	0.0212	0.0147	0.0196	0.0202	0.0181	0.0193
Acetic acid 	0.0483	0.0616	1.0553	0.2129	0.1365	0.1140	0.2540	1.0635	0.1371	0.0555	0.0880	0.1097	0.1302	0.0923	0.1057	0.0828	0.0517	0.0327	0.7531	0.2433	0.1787	0.0571	0.0400	0.1163	0.2019	0.3088	0.0633	0.4112	0.1034	0.2288	0.1300	0.2292	0.0717	0.0587	0.1066	0.1966	0.0472	0.0266	0.0635	0.1280	0.1265	0.0322	0.0236	0.0792
25	0.1140	0.0830	0.1127	0.1229	0.1281	0.0514	0.1141	0.1878	0.1071	0.1384	0.0888	0.0876	0.0646	0.0789	0.0567	0.0833	0.1272	0.1309	0.1449	0.1320	0.1760	0.0937	0.1996	0.1186	0.1603	0.1876	0.1546	0.1231	0.2364	0.1392	0.1269	0.1278	0.1437	0.1684	0.1762	0.0716	0.1373	0.0738	0.1235	0.0829	0.1221	0.0968	0.1585	0.1153
Benzene 	0.0149	0.0172	0.0114	0.0810	0.0172	0.0111	0.0148	0.0171	0.0200	0.0131	0.0141	0.0206	0.0094	0.0084	0.0109	0.0151	0.0129	0.0090	0.0216	0.0231	0.0000	0.0094	0.0251	0.0144	0.0261	0.0116	0.0153	0.0318	0.0163	0.0093	0.0145	0.0224	0.0114	0.0104	0.0200	0.0165	0.0125	0.0115	0.0108	0.0143	0.0153	0.0156	0.0165	0.2049
2-Pentanone	0.1704	0.1533	0.1733	0.1381	0.1291	0.4310	0.4422	0.5865	0.3771	0.4783	0.3476	0.2609	0.2722	0.2031	0.1900	0.1328	0.2055	0.1202	0.1351	0.1618	0.1377	0.1453	0.1105	0.1490	0.1751	0.2128	0.1431	0.1630	0.1564	0.1648	0.2150	0.2157	0.1234	0.1345	0.1178	0.1895	0.0876	0.0879	0.1019	0.1166	0.1424	0.1117	0.1039	0.1029
2,3-Pentanedione	0.0000	0.0000	0.0000	0.0000	0.0000	0.0288	0.0459	0.0507	0.0460	0.0646	0.0000	0.0000	0.0000	0.0000	0.0000	0.0000	0.0000	0.0000	0.0000	0.0000	0.0000	0.0000	0.0000	0.0000	0.0000	0.0494	0.0564	0.0510	0.0740	0.0000	0.0000	0.0000	0.0000	0.0000	0.0000	0.0000	0.0000	0.0000	0.0000	0.0000	0.0000	0.0000	0.0000	0.0000
1-Penten-3-ol 	0.0404	0.0303	0.0000	0.0425	0.0000	0.0351	0.0358	0.0519	0.0194	0.0640	0.0275	0.0248	0.0212	0.0190	0.0193	0.0291	0.0408	0.0308	0.0000	0.0424	0.0117	0.0000	0.0081	0.0000	0.0094	0.0547	0.0529	0.0445	0.0599	0.0301	0.0333	0.0307	0.0225	0.0196	0.0366	0.0306	0.0296	0.0256	0.0279	0.0227	0.0334	0.0582	0.0231	0.0251
Pentanal	0.0040	0.0051	0.0092	0.0114	0.0072	0.0061	0.0086	0.0222	0.0326	0.0140	0.0135	0.0126	0.0070	0.0052	0.0043	0.0098	0.0123	0.0091	0.0103	0.0103	0.0192	0.0124	0.0247	0.0122	0.0127	0.0062	0.0060	0.0156	0.0164	0.0113	0.0282	0.0295	0.0378	0.0106	0.0241	0.0095	0.0088	0.0139	0.0142	0.0098	0.0129	0.0344	0.0178	0.0111
Propanoic acid  	0.0083	0.0088	0.0179	0.0229	0.0229	0.0074	0.0144	0.0407	0.0130	0.0079	0.0177	0.0147	0.0111	0.0098	0.0142	0.0082	0.0067	0.0062	0.0245	0.0261	0.0162	0.0069	0.0000	0.0062	0.0065	0.0107	0.0119	0.0174	0.0115	0.0134	0.0060	0.0091	0.0071	0.0049	0.0096	0.0063	0.0084	0.0062	0.0087	0.0082	0.0226	0.0062	0.0066	0.0146
3-Hydroxy-2-butanone	0.0000	0.0000	0.0000	0.0000	0.0000	0.0000	0.0000	0.0000	0.0000	0.0000	0.0000	0.0000	0.0000	0.0000	0.0000	0.0000	0.0000	0.0000	0.0000	0.0000	13.6255	9.0495	6.6561	6.2192	3.5608	0.0000	0.0000	0.0000	0.0000	0.0000	0.0000	0.0000	0.0000	0.0000	0.0000	0.0000	0.0000	0.0000	0.0000	0.0000	0.0000	0.0000	0.0000	0.0000
1-Hydroxy-2-propanone 	0.1063	0.2021	0.2016	0.2471	0.2185	0.3445	0.3484	0.3700	0.3613	0.1116	0.3201	0.0839	0.2002	0.1773	0.1620	0.0945	0.1332	0.2009	0.5456	0.3785	0.2872	0.1272	2.3078	1.7375	1.0510	0.1880	0.1342	0.3695	0.1980	0.3726	0.2029	0.2470	0.1688	0.1698	0.3742	0.3176	0.1500	0.1314	0.1838	0.0967	0.3278	0.1670	0.1139	0.0921
3-Methyl-1-buten-1-ol 	0.0078	0.0101	0.0085	0.0091	0.0082	0.0066	0.0065	0.0150	0.0142	0.0137	0.0111	0.0085	0.0094	0.0058	0.0054	0.0071	0.0096	0.0071	0.0113	0.0141	0.0096	0.0071	0.0095	0.0085	0.0064	0.0113	0.0122	0.0124	0.0171	0.0109	0.0178	0.0169	0.0129	0.0125	0.0121	0.0038	0.0101	0.0071	0.0072	0.0042	0.0050	0.0092	0.0089	0.0058
2E-Penten-1-ol	0.0000	0.0000	0.0000	0.0000	0.0000	0.0417	0.0443	0.0668	0.0497	0.0466	0.0261	0.0213	0.0150	0.0130	0.0156	0.0444	0.0448	0.0454	0.0502	0.0565	0.0198	0.0168	0.0245	0.0131	0.0141	0.0378	0.0308	0.0293	0.0347	0.0335	0.0427	0.0361	0.0277	0.0308	0.0330	0.0251	0.0283	0.0230	0.0238	0.0258	0.0353	0.0462	0.0253	0.0224
4,4-Dimethyl-2-pentanone	0.4393	0.4554	0.3420	0.4455	0.4429	0.1647	0.1826	0.1933	0.1768	0.2098	0.0993	0.1064	0.0815	0.0678	0.0875	0.1906	0.2205	0.2473	0.1937	0.1907	1.3622	0.7900	0.6040	0.0686	0.4593	0.1296	0.1164	0.0968	0.1246	0.1154	0.1302	0.1124	0.0937	0.1142	0.1138	0.0946	0.1007	0.0873	0.0839	0.0973	0.1396	0.1998	0.0973	0.1042
Methyl Isobutyl Ketone	0.2203	0.2225	0.1662	0.2287	0.2090	0.0857	0.0881	0.1021	0.0866	0.1043	0.0558	0.0537	0.0362	0.0317	0.0385	0.0674	0.0939	0.0719	0.0736	0.0977	0.0619	0.0377	0.0492	0.0303	0.0299	0.0646	0.0620	0.0579	0.0774	0.0588	0.0771	0.0578	0.0528	0.0525	0.0529	0.0462	0.0482	0.0466	0.0459	0.0450	0.0714	0.0910	0.0470	0.0476
Dimethyl disulfide	24.6343	19.1778	18.8523	20.3441	23.3514	21.5655	21.6224	25.8583	20.6374	23.9902	12.7122	11.0730	8.0874	12.7774	9.6019	15.2427	15.4867	14.5364	17.2460	15.8037	4.1393	2.6215	3.5095	2.6749	3.4517	22.1014	12.8115	13.8816	15.0399	5.9227	5.3973	8.9330	6.4483	4.3446	13.6665	9.0610	9.5128	7.5507	10.6438	9.7406	10.7880	11.3047	8.8793	10.0459
520	1.9373	1.9554	1.5707	1.9366	1.8588	1.4445	1.5860	1.6426	1.3443	1.8619	0.7477	0.7251	0.5655	0.5089	0.5599	2.8070	3.7328	3.0575	2.9869	3.7080	0.9337	0.6212	0.7140	0.8697	0.6748	1.9768	1.6073	1.4962	1.9532	1.8019	2.0840	1.7470	1.6262	1.3730	1.4129	1.1076	1.1572	1.0141	1.1807	0.5716	0.8050	0.7930	0.5939	0.5870
3-Methyl-1-butanol	0.0300	0.0290	0.0273	0.0266	0.0277	0.0226	0.0208	0.0317	0.0274	0.0316	0.0295	0.0332	0.0227	0.0233	0.0204	0.0252	0.0272	0.0247	0.0284	0.0316	0.0314	0.0249	0.0304	0.0239	0.0251	0.0329	0.0279	0.0317	0.0362	0.0253	0.0354	0.0315	0.0317	0.0224	0.0273	0.0181	0.0188	0.0171	0.0204	0.0179	0.0179	0.0192	0.0190	0.0159
2,2,3-Trimethylpentane	0.8468	0.8344	0.6682	0.8210	0.7802	0.6238	0.6921	0.6910	0.5703	0.7901	0.3056	0.2987	0.2260	0.2297	0.2239	1.1717	1.5458	1.3086	1.2840	1.5951	0.3897	0.2425	0.3048	0.2061	0.1999	0.8282	0.7092	0.6304	0.8552	0.7595	0.8642	0.7686	0.6947	0.5745	0.5778	0.4768	0.4816	0.4231	0.4881	0.2317	0.3353	0.3308	0.2440	0.2409
2,2,5,5-Tetramethyltetrahydrofuran	0.0499	0.0576	0.0423	0.0514	0.0493	0.0449	0.0437	0.0553	0.0477	0.0700	0.0561	0.0614	0.0393	0.0395	0.0379	0.0400	0.0554	0.0464	0.0436	0.0524	0.0448	0.0252	0.0422	0.0238	0.0228	0.0617	0.0536	0.0532	0.0627	0.0431	0.0604	0.0691	0.0535	0.0364	0.0509	0.0287	0.0350	0.0282	0.0341	0.0291	0.0336	0.0369	0.0312	0.0280
1-Pentanol	0.0215	0.0250	0.0245	0.0240	0.0221	0.0207	0.0222	0.0292	0.0246	0.0343	0.0183	0.0296	0.0176	0.0163	0.0176	0.0204	0.0250	0.0221	0.0245	0.0264	0.0248	0.0198	0.0277	0.0225	0.0217	0.0285	0.0247	0.0260	0.0319	0.0180	0.0314	0.0369	0.0278	0.0173	0.0274	0.0136	0.0163	0.0144	0.0166	0.0136	0.0148	0.0203	0.0154	0.0135
Toluene	0.0767	0.0765	0.0827	0.0761	0.0858	0.0795	0.0670	0.1329	0.0992	0.1027	0.1065	0.0729	0.0659	0.0636	0.0662	0.0566	0.0689	0.0841	0.1275	0.1263	0.1206	0.0997	0.1272	0.0982	0.1307	0.0806	0.0971	0.1654	0.1776	0.0663	0.1340	0.1634	0.1811	0.0944	0.1202	0.1108	0.1111	0.1418	0.0927	0.0484	0.1282	0.1216	0.0960	0.1044
3-Hexanone	0.0038	0.0043	0.0000	0.0043	0.0035	0.0074	0.0064	0.0078	0.0081	0.0075	0.0050	0.0039	0.0038	0.0032	0.0030	0.0034	0.0054	0.0039	0.0047	0.0059	0.0056	0.0000	0.0040	0.0032	0.0000	0.0060	0.0000	0.0060	0.0075	0.0047	0.0047	0.0000	0.0042	0.0000	0.0054	0.0032	0.0041	0.0032	0.0049	0.0024	0.0042	0.0032	0.0030	0.0000
Cyclopentanone	0.1255	0.1253	0.1121	0.1195	0.1319	0.2096	0.2099	0.2748	0.1972	0.2596	0.1365	0.1155	0.1020	0.0954	0.0959	0.0753	0.1070	0.0755	0.1042	0.0998	0.1199	0.0869	0.1077	0.0764	0.0785	0.2432	0.2035	0.1858	0.2078	0.1258	0.1100	0.1520	0.1013	0.1178	0.2378	0.1420	0.1677	0.1498	0.1610	0.0951	0.1297	0.1470	0.1070	0.1051
2-Hexanone	0.0046	0.0040	0.0055	0.0060	0.0065	0.0079	0.0094	0.0136	0.0119	0.0140	0.0000	0.0000	0.0000	0.0000	0.0000	0.0091	0.0128	0.0106	0.0126	0.0122	0.0139	0.0090	0.0132	0.0094	0.0114	0.0081	0.0049	0.0065	0.0078	0.0069	0.0099	0.0090	0.0061	0.0061	0.0048	0.0065	0.0064	0.0060	0.0059	0.0030	0.0065	0.0051	0.0036	0.0000
321	0.0344	0.0179	0.0141	0.0334	0.0454	0.0111	0.0267	0.0515	0.0375	0.0556	0.0190	0.0261	0.0207	0.0273	0.0158	0.0347	0.0459	0.0402	0.0645	0.0509	0.0438	0.0317	0.0701	0.0308	0.0730	0.0581	0.0435	0.0546	0.0858	0.0277	0.0320	0.0851	0.0600	0.0406	0.0596	0.0422	0.0486	0.0383	0.0524	0.0375	0.0451	0.0339	0.0434	0.0417
4-Methyl-3-penten-2-one	0.0828	0.0725	0.0680	0.0788	0.0839	0.0567	0.0552	0.0625	0.0576	0.0651	0.0782	0.0469	0.0541	0.0418	0.0429	0.4750	0.6729	0.5330	0.5282	0.6780	0.1847	0.1315	0.1519	0.1016	0.1058	0.0837	0.0659	0.0570	0.0749	0.0556	0.0639	0.0463	0.0516	0.0446	0.0528	0.0425	0.0511	0.0441	0.0466	0.0370	0.0490	0.0499	0.0389	0.0311
Hexanal	0.0063	0.0102	0.0155	0.0137	0.0154	0.0049	0.0076	0.0163	0.0135	0.0145	0.0066	0.0062	0.0103	0.0100	0.0080	0.0108	0.0135	0.0152	0.0120	0.0196	0.0186	0.0145	0.0261	0.0254	0.0182	0.0101	0.0044	0.0195	0.0180	0.0086	0.0087	0.0220	0.0137	0.0133	0.0111	0.0051	0.0150	0.0138	0.0137	0.0043	0.0058	0.0223	0.0122	0.0104
2,3-Butanediol 	0.0381	0.0367	0.0000	0.0000	0.0316	0.1186	0.1200	0.0000	0.0849	0.1063	0.0000	0.0000	0.0000	0.0000	0.0000	0.0000	0.0000	0.0000	0.0000	0.0000	0.0958	0.1171	0.1867	0.1110	0.1572	0.1204	0.0989	0.0000	0.2424	0.0000	0.0000	0.0000	0.0000	0.0000	0.0000	0.0000	0.0000	0.0000	0.0000	0.0000	0.0000	0.0000	0.0000	0.0000
552	0.0000	0.0000	0.0000	0.0000	0.0000	0.0000	0.0000	0.0000	0.0000	0.0000	0.0000	0.0000	0.0000	0.0000	0.0000	0.0000	0.0000	0.0000	0.0000	0.0000	0.0732	0.0630	0.0730	0.0739	0.0713	0.0000	0.0000	0.0000	0.0000	0.0000	0.0000	0.0000	0.0000	0.0000	0.0000	0.0000	0.0000	0.0000	0.0000	0.0000	0.0000	0.0000	0.0000	0.0000
Butanoic acid 	0.0056	0.0149	0.2168	0.0210	0.0241	0.0124	0.0124	0.0711	0.0245	0.0145	0.0185	0.0155	0.0082	0.0076	0.0099	0.0122	0.0104	0.0108	0.0375	0.0218	0.0092	0.0090	0.0091	0.0099	0.0220	0.0171	0.0134	0.0146	0.0205	0.0084	0.0107	0.0174	0.0082	0.0000	0.0109	0.0092	0.0103	0.0126	0.0089	0.0045	0.0171	0.0154	0.0084	0.0133
72	0.0000	0.0000	0.0000	0.0000	0.0000	0.0000	0.0050	0.0113	0.0063	0.0065	0.0000	0.0000	0.0000	0.0000	0.0000	0.0027	0.0000	0.0028	0.0081	0.0050	0.0000	0.0000	0.0046	0.0053	0.0059	0.0045	0.0060	0.0126	0.0060	0.0000	0.0000	0.0000	0.0000	0.0000	0.0051	0.0056	0.0041	0.0038	0.0059	0.0043	0.0000	0.0035	0.0033	0.0036
2,4-Dimethylheptane	0.0123	0.0112	0.0131	0.0107	0.0119	0.0081	0.0090	0.0076	0.0093	0.0143	0.0150	0.0122	0.0107	0.0114	0.0092	0.0105	0.0090	0.0100	0.0104	0.0131	0.0159	0.0098	0.0132	0.0105	0.0130	0.0150	0.0147	0.0139	0.0159	0.0097	0.0125	0.0165	0.0119	0.0097	0.0075	0.0080	0.0124	0.0056	0.0091	0.0076	0.0212	0.0289	0.0076	0.0049
36	1.0169	1.0817	0.7508	0.8434	0.8289	0.7553	0.6168	0.9006	0.7973	0.9712	1.1833	0.7871	0.8126	0.7622	0.7272	0.7594	0.8794	0.7120	0.8673	0.9170	1.0669	0.8925	0.9981	0.8402	0.9530	1.0095	1.2180	0.8939	1.1887	0.8197	0.9207	1.4548	1.0495	0.8076	0.9795	0.8752	0.8663	0.8625	0.8608	0.7406	1.0054	1.0792	0.8306	0.7200
Ethyl 2-methylbutyrate 	0.0274	0.0284	0.0254	0.0208	0.0237	0.0174	0.0166	0.0270	0.0261	0.0299	0.0276	0.0206	0.0186	0.0189	0.0177	0.0199	0.0214	0.0221	0.0235	0.0274	0.0369	0.0270	0.0357	0.0292	0.0342	0.0252	0.0335	0.0272	0.0336	0.0206	0.0223	0.0443	0.0315	0.0206	0.0168	0.0234	0.0268	0.0183	0.0179	0.0186	0.0295	0.0356	0.0214	0.0114
Furfural	0.0337	0.0571	0.0448	0.1116	0.0498	0.0689	0.0740	0.1191	0.0810	0.0275	0.0862	0.0116	0.0488	0.0441	0.0377	0.0217	0.0637	0.0262	0.0928	0.0548	0.0430	0.0165	0.0641	0.0688	0.0512	0.0280	0.0209	0.3990	0.0465	0.0976	0.0660	0.0574	0.0366	0.0514	0.0828	0.0742	0.0291	0.0417	0.0778	0.0325	0.0727	0.0353	0.0343	0.0347
2,4-Dimethyl-1-heptene	0.0249	0.0220	0.0235	0.0277	0.0244	0.0164	0.0184	0.0232	0.0178	0.0246	0.0253	0.0247	0.0223	0.0229	0.0229	0.0168	0.0205	0.0218	0.0225	0.0254	0.0266	0.0150	0.0239	0.0159	0.0156	0.0192	0.0158	0.0143	0.0160	0.0154	0.0189	0.0192	0.0149	0.0113	0.0084	0.0078	0.0099	0.0078	0.0083	0.0075	0.0100	0.0110	0.0089	0.0072
Crotonic acid	0.0146	0.0203	0.0127	0.0179	0.0167	0.0000	0.0146	0.0185	0.0206	0.0137	0.0168	0.0153	0.0170	0.0145	0.0187	0.0165	0.0109	0.0185	0.0194	0.0133	0.0176	0.0143	0.0178	0.0199	0.0173	0.0137	0.0156	0.0144	0.0166	0.0141	0.0150	0.0152	0.0177	0.0147	0.0114	0.0148	0.0171	0.0177	0.0198	0.0155	0.0174	0.0167	0.0170	0.0135
4-Hydroxy-4-methyl-2-pentanone	0.0289	0.0282	0.0384	0.0395	0.0493	0.0155	0.0235	0.0000	0.0176	0.0000	0.0304	0.0000	0.0335	0.0165	0.0227	0.0655	0.0583	0.0818	0.0980	0.1076	0.0584	0.0393	0.0361	0.0201	0.0285	0.0430	0.0337	0.0443	0.0548	0.0000	0.0000	0.0000	0.0000	0.0000	0.0000	0.0148	0.0124	0.0096	0.0000	0.0000	0.0000	0.0000	0.0000	0.0000
2-Methyl-1H-Pyrrole	0.0066	0.0081	0.2268	0.0169	0.0227	0.0151	0.0157	0.0864	0.0355	0.0289	0.0169	0.0102	0.0162	0.0193	0.0145	0.0092	0.0158	0.0197	0.1170	0.0360	0.0139	0.0143	0.0397	0.0233	0.0407	0.0391	0.0092	0.0427	0.0477	0.0106	0.0112	0.0392	0.0330	0.0185	0.0147	0.0110	0.0286	0.0255	0.0283	0.0082	0.0097	0.0376	0.0273	0.0283
2,4,5-Trimethyloxazole 	0.0399	0.0111	0.0444	0.0151	0.0077	0.0079	0.0068	0.0091	0.0066	0.0100	0.0000	0.0000	0.0000	0.0000	0.0000	0.0330	0.0344	0.0735	0.0343	0.0099	3.8365	3.0649	3.8057	3.9699	2.8501	0.0134	0.0473	0.0121	0.0132	0.0455	0.0480	0.0169	0.0105	0.0112	0.0000	0.0000	0.0000	0.0000	0.0000	0.0000	0.0000	0.0000	0.0000	0.0000
5-Methyl-2-hexanone 	0.2670	0.2814	0.2591	0.2574	0.3108	0.0338	0.0321	0.0600	0.0388	0.0463	0.0137	0.0087	0.0105	0.0098	0.0091	0.1005	0.1502	0.1177	0.1597	0.1692	0.0553	0.0524	0.0560	0.0440	0.0401	0.0383	0.0329	0.0309	0.0351	0.0322	0.0328	0.0337	0.0244	0.0222	0.0249	0.0192	0.0247	0.0202	0.0192	0.0089	0.0157	0.0132	0.0099	0.0089
2-Furanmethanol 	0.0156	0.0129	0.2813	0.0235	0.0189	0.0406	0.0486	0.1137	0.0359	0.0128	0.0184	0.0000	0.0168	0.0102	0.0150	0.0116	0.0172	0.0089	0.1704	0.0330	0.0449	0.0204	0.0380	0.0444	0.0650	0.0760	0.0111	0.0259	0.0134	0.0346	0.0113	0.0163	0.0118	0.0080	0.0287	0.0181	0.0110	0.0097	0.0158	0.0090	0.0264	0.0131	0.0128	0.0000
Ethylbenzene	0.1384	0.1193	0.1176	0.1308	0.1335	0.1062	0.1007	0.1223	0.1003	0.1205	0.1415	0.1280	0.1030	0.1124	0.1060	0.1100	0.1232	0.1177	0.1257	0.1409	0.1325	0.0953	0.1039	0.0815	0.0755	0.1791	0.1378	0.1252	0.1487	0.0936	0.1176	0.1070	0.0932	0.0744	0.1055	0.0890	0.0903	0.0815	0.0934	0.0707	0.0953	0.0675	0.0714	0.0713
4-Methyloctane	0.0054	0.0050	0.0000	0.0056	0.0058	0.0000	0.0000	0.0000	0.0000	0.0000	0.0043	0.0047	0.0047	0.0053	0.0044	0.0042	0.0046	0.0046	0.0000	0.0051	0.0054	0.0039	0.0052	0.0041	0.0040	0.0000	0.0046	0.0069	0.0064	0.0000	0.0055	0.0048	0.0038	0.0029	0.0000	0.0000	0.0000	0.0000	0.0000	0.0027	0.0048	0.0082	0.0031	0.0000
3-Methylpyridine 	0.1533	0.1686	0.2371	0.1655	0.1645	0.1339	0.1143	0.2178	0.1322	0.1449	0.1360	0.1050	0.1070	0.1114	0.1092	0.1024	0.1303	0.1145	0.1683	0.1621	0.1798	0.1282	0.1459	0.1153	0.1517	0.1774	0.1375	0.1622	0.1825	0.1510	0.1633	0.1910	0.1389	0.1202	0.1423	0.1430	0.1312	0.1277	0.1208	0.0972	0.1477	0.1328	0.1103	0.1084
Isovaleric acid	0.0043	0.0000	0.0511	0.0046	0.0043	0.0000	0.0000	0.0137	0.0084	0.0061	0.0000	0.0000	0.0000	0.0000	0.0000	0.0000	0.0000	0.0000	0.0000	0.0000	0.0000	0.0000	0.0000	0.0000	0.0000	0.0000	0.0000	0.0000	0.0000	0.0000	0.0000	0.0000	0.0000	0.0000	0.0000	0.0000	0.0000	0.0000	0.0000	0.0000	0.0000	0.0000	0.0000	0.0000
p-Xylene	0.3538	0.3250	0.2933	0.3445	0.3534	0.2858	0.2606	0.2964	0.2662	0.3044	0.3720	0.3339	0.2719	0.2992	0.2741	0.3087	0.3500	0.3166	0.3226	0.3654	0.3577	0.2426	0.2542	0.2001	0.2012	0.4760	0.3688	0.3257	0.3854	0.2624	0.3119	0.3025	0.2484	0.2030	0.2881	0.2529	0.2407	0.2210	0.2480	0.1961	0.2651	0.1856	0.1898	0.1897
146	0.0000	0.0000	0.0000	0.0000	0.0000	0.0060	0.0053	0.0091	0.0068	0.0060	0.0000	0.0000	0.0000	0.0000	0.0000	0.0000	0.0000	0.0000	0.0000	0.0000	0.0085	0.0057	0.0086	0.0063	0.0083	0.0084	0.0058	0.0107	0.0075	0.0059	0.0077	0.0076	0.0087	0.0047	0.0081	0.0050	0.0050	0.0044	0.0059	0.0039	0.0056	0.0058	0.0049	0.0035
1-Hexanol	0.0000	0.0000	0.0000	0.0000	0.0000	0.0000	0.0000	0.0000	0.0000	0.0000	0.0000	0.0000	0.0000	0.0000	0.0000	0.0068	0.0050	0.0043	0.0000	0.0048	0.0000	0.0000	0.0000	0.0000	0.0000	0.0000	0.0000	0.0000	0.0000	0.0000	0.0161	0.0179	0.0187	0.0000	0.0000	0.0000	0.0000	0.0000	0.0000	0.0083	0.0051	0.0084	0.0040	0.0038
2-Methylbutanoic acid	0.0857	0.0773	0.0718	0.0811	0.0735	0.0669	0.0659	0.0711	0.0575	0.0705	0.0865	0.0795	0.0655	0.0747	0.0649	0.0650	0.0761	0.0654	0.0652	0.0777	0.0932	0.0609	0.0627	0.0479	0.0498	0.0967	0.0738	0.0612	0.0730	0.0626	0.0754	0.0698	0.0585	0.0445	0.0600	0.0521	0.0514	0.0413	0.0520	0.0425	0.0600	0.0430	0.0441	0.0425
310	0.0060	0.0091	0.0121	0.0052	0.0037	0.0031	0.0036	0.0188	0.0117	0.0467	0.0055	0.0181	0.0031	0.0000	0.0000	0.0000	0.0000	0.0000	0.0000	0.0000	0.0000	0.0000	0.0000	0.0000	0.0000	0.0000	0.0000	0.0000	0.0000	0.0000	0.0448	0.0915	0.0421	0.0000	0.0000	0.0000	0.0000	0.0000	0.0000	0.0183	0.0000	0.0336	0.0069	0.0053
3-Heptanone	0.0055	0.0056	0.0043	0.0056	0.0057	0.0057	0.0080	0.0107	0.0065	0.0082	0.0000	0.0000	0.0000	0.0000	0.0000	0.0067	0.0091	0.0075	0.0096	0.0115	0.0123	0.0086	0.0108	0.0094	0.0092	0.0100	0.0081	0.0110	0.0143	0.0101	0.0148	0.0122	0.0120	0.0114	0.0091	0.0101	0.0121	0.0078	0.0088	0.0026	0.0059	0.0058	0.0055	0.0034
Styrene	1.9456	1.6773	1.5390	1.8370	1.7954	1.4490	1.4187	1.5087	1.2233	1.5114	1.9515	1.7067	1.4344	1.6085	1.4295	1.4582	1.6032	1.4273	1.4039	1.6194	2.0649	1.3378	1.4041	1.0739	1.0909	2.1133	1.5455	1.3690	1.6325	1.4126	1.6422	1.5679	1.2884	0.9962	1.2853	1.1957	1.0949	1.0054	1.1567	0.9751	1.3520	0.9843	0.9653	0.9465
2-Heptanone 	0.0198	0.0245	0.0178	0.0248	0.0249	0.0709	0.0614	0.0638	0.0574	0.0713	0.0285	0.0136	0.0224	0.0128	0.0149	0.2498	0.3698	0.2785	0.2996	0.3755	0.2487	0.1711	0.2093	0.1457	0.1549	0.0237	0.0223	0.0210	0.0291	0.0444	0.0450	0.0373	0.0400	0.0427	0.0198	0.0181	0.0221	0.0208	0.0196	0.0090	0.0139	0.0136	0.0103	0.0108
Cyclohexanone	0.0322	0.0315	0.0276	0.0321	0.0264	0.0630	0.0568	0.0806	0.0614	0.0789	0.0204	0.0160	0.0169	0.0166	0.0167	0.0160	0.0190	0.0166	0.0219	0.0240	0.0196	0.0128	0.0178	0.0098	0.0148	0.0542	0.0566	0.0652	0.0725	0.0246	0.0281	0.0311	0.0223	0.0218	0.0299	0.0000	0.0178	0.0117	0.0150	0.0155	0.0216	0.0202	0.0201	0.0186
o-Xylene	0.2036	0.1888	0.1694	0.3041	0.2075	0.1685	0.1527	0.1705	0.1494	0.1801	0.2273	0.1973	0.1608	0.1955	0.1609	0.1852	0.2096	0.1940	0.1843	0.2156	0.2065	0.1329	0.1486	0.1223	0.1179	0.2743	0.2032	0.1956	0.2334	0.1619	0.1946	0.1904	0.1522	0.1285	0.1690	0.1481	0.1405	0.1311	0.1452	0.1150	0.1582	0.1161	0.1147	0.1169
Butyl acrylate	0.0000	0.0000	0.0000	0.0000	0.0000	0.0000	0.0000	0.0000	0.0000	0.0000	0.0000	0.0000	0.0000	0.0000	0.0000	0.0243	0.0302	0.0259	0.0280	0.0294	0.0280	0.0175	0.0200	0.0158	0.0191	0.0000	0.0000	0.0000	0.0000	0.0000	0.0000	0.0000	0.0000	0.0000	0.0000	0.0000	0.0000	0.0000	0.0000	0.0000	0.0000	0.0000	0.0000	0.0000
Pentanoic acid 	0.0035	0.0064	0.0577	0.0130	0.0119	0.0000	0.0000	0.0000	0.0000	0.0000	0.0058	0.0050	0.0059	0.0038	0.0074	0.0000	0.0046	0.0062	0.0129	0.0174	0.0000	0.0000	0.0000	0.0000	0.0000	0.0000	0.0000	0.0000	0.0000	0.0069	0.0083	0.0082	0.0047	0.0052	0.0000	0.0000	0.0000	0.0000	0.0000	0.0000	0.0000	0.0000	0.0000	0.0000
Nonane	0.0104	0.0106	0.0126	0.0137	0.0186	0.0114	0.0106	0.0118	0.0101	0.0123	0.0079	0.0061	0.0117	0.0078	0.0068	0.0086	0.0092	0.0082	0.0117	0.0089	0.0142	0.0144	0.0160	0.0118	0.0110	0.0119	0.0104	0.0144	0.0155	0.0103	0.0119	0.0119	0.0098	0.0093	0.0143	0.0079	0.0087	0.0075	0.0068	0.0054	0.0100	0.0121	0.0069	0.0070
Butyrolactone	0.0000	0.0040	0.0000	0.0054	0.0065	0.0043	0.0051	0.0080	0.0067	0.0059	0.0000	0.0000	0.0039	0.0042	0.0040	0.0041	0.0052	0.0055	0.0149	0.0065	0.0045	0.0000	0.0102	0.0070	0.0100	0.0040	0.0034	0.0097	0.0097	0.0000	0.0000	0.0000	0.0000	0.0000	0.0034	0.0000	0.0061	0.0055	0.0064	0.0000	0.0000	0.0081	0.0066	0.0063
Heptanal	0.0038	0.0066	0.0000	0.0093	0.0152	0.0050	0.0084	0.0126	0.0131	0.0115	0.0077	0.0048	0.0079	0.0091	0.0078	0.0030	0.0094	0.0103	0.0232	0.0151	0.0063	0.0049	0.0202	0.0162	0.0215	0.0059	0.0035	0.0195	0.0219	0.0044	0.0056	0.0202	0.0145	0.0100	0.0064	0.0000	0.0143	0.0133	0.0127	0.0023	0.0000	0.0064	0.0138	0.0113
2-Acetylfuran 	0.0177	0.0188	0.0254	0.0206	0.0183	0.0224	0.0202	0.0405	0.0216	0.0191	0.0192	0.0086	0.0141	0.0124	0.0132	0.0124	0.0179	0.0151	0.0226	0.0215	0.0223	0.0147	0.0189	0.0121	0.0151	0.0300	0.0154	0.0229	0.0224	0.0140	0.0160	0.0233	0.0099	0.0103	0.0227	0.0155	0.0157	0.0142	0.0187	0.0108	0.0209	0.0148	0.0124	0.0120
2,5-Dimethylpyrazine	14.6780	9.8278	8.7115	8.9847	10.0725	3.3890	3.6882	3.8088	3.1048	3.9550	0.4568	0.2782	0.3164	0.3305	0.2591	6.6386	5.7086	8.0628	6.4000	6.4898	13.3036	11.5655	12.3086	11.2439	11.0907	4.9578	4.9626	6.0108	6.1446	38.4120	32.1025	49.1666	33.8541	44.0949	11.3578	8.2065	8.2536	6.0253	6.4678	6.5823	8.1735	7.0467	7.5822	6.8093
141	0.0365	0.0324	0.0241	0.0556	0.0352	0.0293	0.0224	0.0295	0.0297	0.0436	0.0334	0.0298	0.0225	0.0344	0.0407	0.0358	0.0252	0.0411	0.0460	0.0650	0.0379	0.0397	0.0435	0.0377	0.0587	0.0434	0.0545	0.0494	0.0858	0.0560	0.0605	0.0715	0.0397	0.0537	0.0108	0.0555	0.0222	0.0266	0.0320	0.0134	0.0502	0.0137	0.0060	0.0151
322	0.2350	0.3863	0.4069	0.7177	0.6371	0.4165	0.2949	0.4760	0.4435	0.5877	0.5796	0.4964	0.3910	0.5381	0.6732	0.4395	0.3713	0.4883	0.6354	0.9123	0.5959	0.5485	0.5163	0.6041	0.0864	0.5622	0.8067	0.7332	1.2460	0.3673	0.5398	0.7651	0.3190	0.5255	0.2422	0.8616	0.3466	0.3447	0.5774	0.2056	0.8741	0.1861	0.0823	0.2215
2(5H)-Furanone	0.0434	0.0334	0.0510	0.0528	0.0345	0.0416	0.0453	0.0627	0.0644	0.0268	0.0453	0.0191	0.0385	0.0261	0.0266	0.0209	0.0286	0.0173	0.0808	0.0441	0.0603	0.0256	0.0468	0.0631	0.0409	0.0396	0.0243	0.0475	0.0281	0.0609	0.0276	0.0266	0.0236	0.0168	0.0561	0.0410	0.0202	0.0170	0.0230	0.0166	0.0507	0.0261	0.0229	0.0235
Cumene	0.0227	0.0221	0.0227	0.0229	0.0250	0.0182	0.0217	0.0228	0.0190	0.0214	0.0221	0.0213	0.0184	0.0208	0.0192	0.0189	0.0222	0.0217	0.0209	0.0224	0.0249	0.0169	0.0202	0.0157	0.0162	0.0258	0.0204	0.0196	0.0248	0.0190	0.0229	0.0222	0.0191	0.0156	0.0164	0.0157	0.0159	0.0146	0.0157	0.0139	0.0191	0.0152	0.0150	0.0149
Methyl hexanoate	0.0111	0.0109	0.0091	0.0106	0.0107	0.0055	0.0096	0.0126	0.0113	0.0133	0.0112	0.0107	0.0110	0.0097	0.0108	0.0107	0.0080	0.0108	0.0130	0.0126	0.0123	0.0119	0.0130	0.0112	0.0127	0.0108	0.0106	0.0133	0.0155	0.0120	0.0123	0.0129	0.0135	0.0124	0.0139	0.0121	0.0121	0.0115	0.0126	0.0106	0.0124	0.0122	0.0108	0.0113
323	0.0000	0.0158	0.0294	0.0193	0.0178	0.0261	0.0236	0.0244	0.0427	0.0089	0.0000	0.0000	0.0000	0.0000	0.0000	0.0000	0.0000	0.0000	0.0000	0.0000	0.0000	0.0000	0.0000	0.0000	0.0000	0.0000	0.0000	0.0000	0.0000	0.0000	0.0000	0.0000	0.0000	0.0000	0.0191	0.0097	0.0087	0.0086	0.0096	0.0085	0.0240	0.0000	0.0107	0.0113
1-Nitropentane	0.4698	0.3831	0.4243	0.5338	0.4591	0.2224	0.3221	0.3137	0.2542	0.3241	0.2853	0.3652	0.3238	0.2585	0.3249	0.2268	0.3562	0.2373	0.3227	0.3893	0.3796	0.2066	0.3121	0.1918	0.2345	0.3852	0.3334	0.3190	0.3825	0.3674	0.3516	0.2847	0.2003	0.1688	0.2673	0.2078	0.2237	0.2073	0.1813	0.0797	0.1462	0.1186	0.1478	0.1280
30	0.1121	0.0924	0.0959	0.1218	0.1062	0.0541	0.0773	0.0748	0.0595	0.0757	0.0699	0.0890	0.0774	0.0608	0.0761	0.0559	0.0873	0.0591	0.0806	0.0931	0.0933	0.0530	0.0736	0.0456	0.0574	0.0932	0.0825	0.0729	0.0909	0.0808	0.0826	0.0629	0.0479	0.0393	0.0658	0.0488	0.0561	0.0405	0.0457	0.0189	0.0360	0.0270	0.0383	0.0321
alpha-Pinene	0.0060	0.0053	0.0066	0.0058	0.0056	0.0045	0.0055	0.0060	0.0040	0.0069	0.0059	0.0048	0.0039	0.0037	0.0039	0.0042	0.0067	0.0060	0.0068	0.0061	0.0072	0.0046	0.0054	0.0055	0.0065	0.0062	0.0070	0.0067	0.0084	0.0058	0.0063	0.0069	0.0051	0.0050	0.0071	0.0059	0.0046	0.0046	0.0039	0.0040	0.0056	0.0091	0.0189	0.0046
1,2-Cyclopentanedione	0.0000	0.0000	0.0000	0.0000	0.0000	0.0000	0.0000	0.0000	0.0000	0.0000	0.0000	0.0000	0.0000	0.0000	0.0000	0.0000	0.0000	0.0000	0.0000	0.0000	0.0539	0.0213	0.0304	0.0482	0.0304	0.0000	0.0000	0.0000	0.0000	0.0000	0.0000	0.0000	0.0000	0.0000	0.0000	0.0000	0.0000	0.0000	0.0000	0.0000	0.0000	0.0000	0.0000	0.0000
2-Hydroxy-2-cyclopenten-1-one	0.0000	0.0000	0.0000	0.0000	0.0000	0.0000	0.0000	0.0000	0.0000	0.0000	0.0000	0.0000	0.0000	0.0000	0.0000	0.0000	0.0000	0.0000	0.0000	0.0000	0.0517	0.0209	0.0288	0.0483	0.0304	0.0000	0.0000	0.0000	0.0000	0.0000	0.0000	0.0000	0.0000	0.0000	0.0000	0.0000	0.0000	0.0000	0.0000	0.0000	0.0000	0.0000	0.0000	0.0000
4-Methyl-2-heptanone	0.0367	0.0350	0.0259	0.0333	0.0269	0.0232	0.0281	0.0295	0.0236	0.0345	0.0152	0.0124	0.0137	0.0118	0.0142	0.0184	0.0275	0.0221	0.0269	0.0312	0.0495	0.0372	0.0432	0.0267	0.0372	0.0225	0.0247	0.0207	0.0272	0.0290	0.0317	0.0353	0.0198	0.0192	0.0226	0.0177	0.0183	0.0146	0.0152	0.0116	0.0177	0.0197	0.0153	0.0138
548	0.0180	0.0143	0.0175	0.0193	0.0169	0.0116	0.0144	0.0140	0.0140	0.0140	0.0160	0.0100	0.0132	0.0000	0.0117	0.0349	0.0309	0.0466	0.0369	0.0322	0.0246	0.0188	0.0211	0.0141	0.0163	0.0125	0.0102	0.0125	0.0144	0.0146	0.0148	0.0143	0.0117	0.0101	0.0091	0.0097	0.0094	0.0081	0.0081	0.0071	0.0117	0.0136	0.0092	0.0088
549	0.0000	0.0000	0.0000	0.0000	0.0000	0.0000	0.0000	0.0000	0.0000	0.0000	0.0000	0.0000	0.0000	0.0000	0.0000	0.0000	0.0000	0.0000	0.0000	0.0000	0.0394	0.0224	0.0247	0.0271	0.0175	0.0000	0.0000	0.0000	0.0000	0.0000	0.0000	0.0000	0.0000	0.0000	0.0000	0.0000	0.0000	0.0000	0.0000	0.0000	0.0000	0.0000	0.0000	0.0000
Propylbenzene	0.0420	0.0345	0.0357	0.0422	0.0344	0.0253	0.0304	0.0348	0.0317	0.0367	0.0332	0.0263	0.0286	0.0268	0.0292	0.0287	0.0400	0.0283	0.0351	0.0422	0.0502	0.0390	0.0404	0.0297	0.0301	0.0364	0.0302	0.0286	0.0358	0.0296	0.0364	0.0400	0.0300	0.0208	0.0270	0.0190	0.0205	0.0169	0.0237	0.0190	0.0274	0.0258	0.0240	0.0208
2-Methyl-6-heptanone	0.0107	0.0092	0.0099	0.0122	0.0136	0.0000	0.0000	0.0000	0.0000	0.0000	0.0000	0.0000	0.0000	0.0000	0.0000	0.0266	0.0382	0.0351	0.0343	0.0430	0.0117	0.0095	0.0137	0.0097	0.0123	0.0000	0.0000	0.0000	0.0000	0.0000	0.0000	0.0000	0.0000	0.0000	0.0000	0.0000	0.0000	0.0000	0.0000	0.0000	0.0000	0.0000	0.0000	0.0000
6-Methyl-Heptan-2-ol	0.0000	0.0000	0.0000	0.0000	0.0000	0.0000	0.0000	0.0000	0.0000	0.0000	0.0000	0.0000	0.0000	0.0000	0.0000	0.0075	0.0101	0.0082	0.0000	0.0000	0.0000	0.0000	0.0000	0.0000	0.0000	0.0073	0.0000	0.0054	0.0091	0.0000	0.0000	0.0000	0.0000	0.0000	0.0000	0.0000	0.0000	0.0000	0.0000	0.0000	0.0000	0.0000	0.0000	0.0000
316	0.0689	0.0598	0.0338	0.0787	0.0642	0.0380	0.0764	0.0509	0.0493	0.1001	0.0720	0.0632	0.0546	0.0574	0.0530	0.0654	0.0810	0.0608	0.0410	0.0793	0.0834	0.0794	0.0820	0.0619	0.0777	0.0677	0.0869	0.0732	0.0915	0.0640	0.0737	0.1056	0.0685	0.0580	0.0879	0.0836	0.0679	0.0596	0.0683	0.0538	0.0961	0.0739	0.0625	0.0510
Benzaldehyde	0.0533	0.0764	0.0634	0.0734	0.0749	0.0431	0.0460	0.0752	0.0706	0.0766	0.0694	0.0399	0.0618	0.0667	0.0496	0.0311	0.0313	0.0475	0.0957	0.0667	0.0494	0.0647	0.0668	0.0568	0.0620	0.0476	0.0474	0.0707	0.0801	0.0612	0.0569	0.1189	0.0681	0.0721	0.1069	0.0741	0.0884	0.0805	0.0731	0.0683	0.1177	0.2007	0.1174	0.1324
5-Methyl-2-heptanone	0.2714	0.2846	0.2225	0.2676	0.2872	0.0540	0.0548	0.0568	0.0499	0.0622	0.0000	0.0000	0.0000	0.0000	0.0000	0.2540	0.3078	0.2975	0.3007	0.3698	0.0908	0.0708	0.0705	0.0477	0.0490	0.0083	0.0077	0.0111	0.0155	0.0218	0.0220	0.0203	0.0182	0.0208	0.0204	0.0147	0.0161	0.0160	0.0161	0.0000	0.0000	0.0000	0.0000	0.0000
5-Methylfurfural	0.0077	0.0111	0.0095	0.0141	0.0101	0.0000	0.0116	0.0149	0.0124	0.0093	0.0000	0.0000	0.0000	0.0000	0.0000	0.0089	0.0100	0.0089	0.0156	0.0133	0.0061	0.0000	0.0091	0.0086	0.0080	0.0000	0.0000	0.0000	0.0000	0.0091	0.0078	0.0134	0.0100	0.0073	0.0060	0.0057	0.0059	0.0056	0.0114	0.0036	0.0053	0.0061	0.0065	0.0128
Dimethyl trisulfide	2.5538	2.7426	3.3772	2.9516	3.0351	3.2451	3.6216	3.6759	3.2840	4.7080	0.0714	0.0961	0.0706	0.0869	0.0907	1.0514	1.8419	1.1885	2.2188	1.7989	0.2181	0.1758	0.1533	0.0832	0.3275	0.8512	0.8131	0.6900	0.5786	0.3366	0.2576	0.2813	0.4142	0.1350	2.9306	2.4253	2.5134	2.0325	2.2811	3.1131	6.3577	5.4842	3.0026	2.8447
521	0.4429	0.4560	0.2521	0.4263	0.2358	0.2060	0.3432	0.2677	0.2090	0.3397	0.0827	0.0401	0.0859	0.0631	0.0645	0.2001	0.2287	0.2505	0.2841	0.3466	0.5751	0.4287	0.5237	0.2670	0.4683	0.2251	0.2546	0.2086	0.2827	0.3559	0.2370	0.3085	0.1232	0.2366	0.2021	0.2084	0.2637	0.1620	0.1570	0.0851	0.1718	0.2314	0.1752	0.1619
Heptanol	0.0258	0.0272	0.0174	0.0244	0.0146	0.0127	0.0187	0.0181	0.0130	0.0200	0.0088	0.0059	0.0065	0.0061	0.0051	0.0129	0.0131	0.0116	0.0121	0.0132	0.0357	0.0252	0.0330	0.0179	0.0284	0.0127	0.0160	0.0128	0.0144	0.0216	0.0147	0.0202	0.0123	0.0157	0.0130	0.0123	0.0167	0.0111	0.0112	0.0061	0.0106	0.0145	0.0116	0.0106
515	0.0377	0.0371	0.0362	0.0380	0.0376	0.0574	0.0592	0.0446	0.0414	0.0445	0.0504	0.1124	0.0664	0.0395	0.0868	0.0261	0.0248	0.0243	0.0269	0.0373	0.0803	0.0334	0.0383	0.0262	0.0320	0.0992	0.0572	0.0372	0.0797	0.0380	0.0366	0.0270	0.0284	0.0278	0.0789	0.0567	0.0510	0.0675	0.0534	0.0330	0.0454	0.0340	0.0322	0.0344
1-Octen-3-ol	0.0277	0.0219	0.0256	0.0308	0.0378	0.0000	0.0000	0.0000	0.0000	0.0000	0.0000	0.0000	0.0000	0.0000	0.0000	0.0212	0.0397	0.0346	0.0382	0.0458	0.0000	0.0000	0.0000	0.0000	0.0000	0.0328	0.0264	0.0415	0.0396	0.0000	0.0000	0.0000	0.0000	0.0000	0.0000	0.0000	0.0000	0.0000	0.0000	0.0081	0.0197	0.0161	0.0134	0.0117
alpha-Methylstyrene	0.0110	0.0183	0.0126	0.0259	0.0137	0.0077	0.0067	0.0165	0.0116	0.0167	0.0129	0.0183	0.0087	0.0147	0.0180	0.0147	0.0129	0.0083	0.0152	0.0228	0.0335	0.0143	0.0186	0.0116	0.0105	0.0102	0.0090	0.0485	0.0164	0.0149	0.0231	0.0291	0.0257	0.0179	0.0168	0.0089	0.0099	0.0168	0.0250	0.0112	0.0152	0.0632	0.0189	0.0176
3-Methyl-2(5H)-furanone  	0.0039	0.0040	0.0090	0.0071	0.0074	0.0061	0.0057	0.0125	0.0100	0.0070	0.0058	0.0036	0.0055	0.0038	0.0048	0.0000	0.0052	0.0043	0.0067	0.0064	0.0095	0.0067	0.0077	0.0058	0.0075	0.0069	0.0070	0.0113	0.0107	0.0075	0.0057	0.0103	0.0102	0.0058	0.0073	0.0053	0.0065	0.0050	0.0051	0.0035	0.0052	0.0052	0.0048	0.0049
2,3-Octanedione	0.0035	0.0043	0.0035	0.0047	0.0049	0.0141	0.0124	0.0140	0.0120	0.0127	0.0064	0.0035	0.0052	0.0043	0.0029	0.0126	0.0192	0.0171	0.0178	0.0210	0.0563	0.0343	0.0370	0.0331	0.0322	0.0060	0.0059	0.0075	0.0086	0.0143	0.0155	0.0169	0.0142	0.0146	0.0087	0.0085	0.0092	0.0063	0.0071	0.0000	0.0000	0.0000	0.0000	0.0000
2-Ethyl-5-methylpyrazine 	0.0729	0.0485	0.0584	0.0380	0.0647	0.1195	0.1738	0.1329	0.1545	0.1656	0.0000	0.0000	0.0000	0.0000	0.0000	0.0317	0.0150	0.0404	0.0446	0.0250	0.0000	0.0130	0.0127	0.0115	0.0139	0.0176	0.0174	0.0239	0.0245	0.0367	0.0372	0.0564	0.0472	0.0515	0.0786	0.0371	0.0451	0.0226	0.0403	0.0123	0.0170	0.0267	0.0100	0.0000
6-Methyl-5-heptene-2-one	0.0042	0.0000	0.0035	0.0059	0.0059	0.0000	0.0033	0.0123	0.0100	0.0132	0.0042	0.0000	0.0063	0.0036	0.0039	0.0161	0.0192	0.0227	0.0284	0.0325	0.0205	0.0140	0.0318	0.0197	0.0197	0.0050	0.0040	0.0139	0.0143	0.0096	0.0090	0.0233	0.0148	0.0133	0.0041	0.0050	0.0111	0.0108	0.0099	0.0023	0.0049	0.0156	0.0111	0.0102
Phenol 	0.0148	0.0166	0.0650	0.0227	0.0214	0.0135	0.0248	0.0569	0.0463	0.0174	0.0148	0.0205	0.0170	0.0142	0.0199	0.0128	0.0157	0.0119	0.0510	0.0315	0.0399	0.0328	0.0583	0.0487	0.0428	0.0317	0.0133	0.0435	0.0239	0.0209	0.0089	0.0149	0.0093	0.0078	0.0227	0.0107	0.0115	0.0102	0.0130	0.0104	0.0107	0.0194	0.0147	0.0147
4,6-Dimethyl-2-heptanone	0.0157	0.0175	0.0121	0.0194	0.0197	0.0124	0.0187	0.0145	0.0119	0.0236	0.0104	0.0069	0.0114	0.0073	0.0081	0.0000	0.0000	0.0000	0.0000	0.0000	0.0563	0.0404	0.0493	0.0369	0.0416	0.0174	0.0166	0.0150	0.0214	0.0220	0.0248	0.0295	0.0182	0.0204	0.0169	0.0110	0.0141	0.0081	0.0139	0.0057	0.0074	0.0070	0.0099	0.0073
2-Octanone 	0.0000	0.0000	0.0000	0.0000	0.0000	0.0000	0.0000	0.0000	0.0000	0.0000	0.0000	0.0000	0.0000	0.0000	0.0000	0.0368	0.0585	0.0491	0.0565	0.0666	0.0491	0.0325	0.0440	0.0318	0.0314	0.0000	0.0000	0.0000	0.0000	0.0000	0.0000	0.0000	0.0000	0.0000	0.0000	0.0000	0.0000	0.0000	0.0000	0.0000	0.0000	0.0000	0.0000	0.0000
2-Pentylfuran	0.0126	0.0214	0.0180	0.0334	0.0347	0.0166	0.0181	0.0200	0.0333	0.0125	0.0179	0.0079	0.0207	0.0141	0.0184	0.0105	0.0216	0.0147	0.0343	0.0322	0.0301	0.0394	0.0388	0.0320	0.0262	0.0087	0.0119	0.0288	0.0151	0.0131	0.0222	0.0280	0.0233	0.0147	0.0265	0.0099	0.0127	0.0166	0.0189	0.0109	0.0151	0.0146	0.0162	0.0117
1,2,4-Trimethylbenzene	0.0164	0.0232	0.0163	0.0157	0.0209	0.0148	0.0178	0.0178	0.0146	0.0189	0.0196	0.0151	0.0134	0.0130	0.0109	0.0091	0.0166	0.0055	0.0087	0.0153	0.0238	0.0176	0.0212	0.0162	0.0152	0.0193	0.0218	0.0199	0.0234	0.0160	0.0209	0.0245	0.0178	0.0153	0.0258	0.0162	0.0166	0.0139	0.0179	0.0152	0.0160	0.0147	0.0125	0.0163
450	0.0000	0.0043	0.0000	0.0075	0.0098	0.0042	0.0065	0.0168	0.0122	0.0214	0.0055	0.0043	0.0067	0.0078	0.0057	0.0000	0.0000	0.0058	0.0087	0.0110	0.0000	0.0000	0.0000	0.0000	0.0000	0.0121	0.0104	0.0000	0.0482	0.0080	0.0098	0.0126	0.0106	0.0133	0.0115	0.0105	0.0112	0.0086	0.0164	0.0000	0.0000	0.0000	0.0000	0.0000
2-Furanmethanol, acetate	0.0000	0.0000	0.0000	0.0000	0.0000	0.0000	0.0060	0.0130	0.0140	0.0061	0.0000	0.0000	0.0000	0.0000	0.0000	0.0000	0.0000	0.0095	0.0095	0.0085	0.0000	0.0000	0.0000	0.0000	0.0000	0.0000	0.0000	0.0000	0.0000	0.0000	0.0000	0.0000	0.0000	0.0000	0.0000	0.0000	0.0000	0.0000	0.0000	0.0000	0.0098	0.0052	0.0026	0.0042
2,4,6-Trimethylpyridine	0.0126	0.0134	0.0137	0.0114	0.0098	0.0123	0.0168	0.0200	0.0316	0.0195	0.0146	0.0102	0.0103	0.0097	0.0104	0.0625	0.0700	0.0734	0.0841	0.0759	0.0185	0.0143	0.0147	0.0079	0.0169	0.0214	0.0157	0.0200	0.0209	0.0161	0.0139	0.0148	0.0111	0.0138	0.0233	0.0191	0.0163	0.0095	0.0146	0.0229	0.0304	0.0390	0.0278	0.0356
2-Ethyl-4-methylpentanol	0.0319	0.0291	0.0264	0.0373	0.0286	0.0068	0.0083	0.0135	0.0090	0.0095	0.0151	0.0076	0.0134	0.0109	0.0123	0.0095	0.0100	0.0104	0.0147	0.0125	0.0244	0.0172	0.0219	0.0165	0.0189	0.0341	0.0255	0.0262	0.0312	0.0580	0.0611	0.0778	0.0442	0.0493	0.0286	0.0265	0.0337	0.0207	0.0233	0.0058	0.0076	0.0047	0.0074	0.0042
Decane	0.0301	0.0299	0.0429	0.0342	0.0328	0.0194	0.0238	0.0302	0.0245	0.0249	0.0237	0.0174	0.0196	0.0169	0.0156	0.0163	0.0222	0.0210	0.0263	0.0211	0.0303	0.0181	0.0185	0.0147	0.0158	0.0328	0.0296	0.0257	0.0380	0.0439	0.0495	0.0619	0.0383	0.0408	0.0265	0.0226	0.0256	0.0234	0.0206	0.0157	0.0201	0.0175	0.0172	0.0154
Octanal	0.0000	0.0000	0.0000	0.0000	0.0000	0.0000	0.0000	0.0000	0.0000	0.0000	0.0538	0.0344	0.0410	0.0449	0.0406	0.0000	0.0380	0.0000	0.0448	0.0460	0.0000	0.0000	0.0000	0.0000	0.0000	0.0000	0.0000	0.0000	0.0000	0.0000	0.0000	0.0000	0.0000	0.0000	0.0000	0.0000	0.0000	0.0000	0.0000	0.0000	0.0000	0.0000	0.0000	0.0000
Trimethylpyrazine	2.2163	1.6136	1.3617	1.2787	1.7431	0.7230	1.1409	0.8218	0.7887	0.9126	0.0524	0.0207	0.0995	0.0273	0.0271	4.7480	0.6419	8.7481	1.0334	0.7583	75.1727	63.1978	69.2594	67.6701	62.0603	1.3910	1.4011	1.8063	2.3854	2.9487	2.3792	3.5555	2.4234	3.0579	1.9407	1.6280	2.0493	1.2688	1.3957	0.6842	0.9426	2.0270	1.0955	1.1565
315	0.6420	0.6599	0.4499	0.6370	0.4855	0.3870	0.5195	0.4739	0.4104	0.5291	0.4397	0.3172	0.3873	0.3753	0.4414	0.3340	0.3995	0.4352	0.4812	0.5397	0.7149	0.5300	0.6381	0.4267	0.5837	0.4524	0.4746	0.4217	0.5980	0.5283	0.3829	0.4815	0.2698	0.4139	0.3536	0.3667	0.4577	0.3286	0.3354	0.1736	0.3790	0.4497	0.3895	0.3841
516	0.0251	0.0295	0.0227	0.0246	0.0240	0.0448	0.0509	0.0566	0.0536	0.0573	0.0404	0.0336	0.0360	0.0342	0.0307	0.0229	0.0267	0.0265	0.0236	0.0342	0.0346	0.0249	0.0285	0.0185	0.0290	0.0385	0.0350	0.0358	0.0492	0.0284	0.0280	0.0434	0.0267	0.0285	0.0395	0.0248	0.0248	0.0211	0.0219	0.0216	0.0336	0.0514	0.0217	0.0272
3Z-Hexenyl acetate	0.0492	0.0527	0.0432	0.0475	0.0465	0.0729	0.0853	0.0915	0.0881	0.0987	0.0756	0.0628	0.0607	0.0627	0.0562	0.0428	0.0480	0.0497	0.0478	0.0631	0.0629	0.0482	0.0500	0.0280	0.0442	0.0670	0.0616	0.0645	0.0816	0.0538	0.0531	0.0745	0.0508	0.0523	0.0682	0.0467	0.0461	0.0405	0.0404	0.0406	0.0649	0.0871	0.0450	0.0569
1,4-Dichlorobenzene	0.0099	0.0110	0.0103	0.0129	0.0122	0.0101	0.0116	0.0119	0.0110	0.0121	0.0123	0.0083	0.0100	0.0097	0.0096	0.0080	0.0107	0.0104	0.0112	0.0114	0.0147	0.0094	0.0136	0.0109	0.0110	0.0137	0.0127	0.0116	0.0175	0.0095	0.0090	0.0216	0.0134	0.0127	0.0133	0.0126	0.0131	0.0119	0.0117	0.0071	0.0153	0.0120	0.0102	0.0119
Hexyl acetate	0.0090	0.0048	0.0115	0.0098	0.0081	0.0053	0.0086	0.0228	0.0054	0.0000	0.0000	0.0000	0.0000	0.0000	0.0000	0.0000	0.0000	0.0000	0.0000	0.0000	0.0151	0.0104	0.0000	0.0000	0.0120	0.0000	0.0000	0.0000	0.0000	0.0000	0.0000	0.0000	0.0000	0.0000	0.0000	0.0000	0.0000	0.0000	0.0000	0.0000	0.0000	0.0000	0.0000	0.0000
522	0.2215	0.2206	0.1597	0.2290	0.1359	0.1107	0.1930	0.1354	0.1194	0.1519	0.1062	0.0812	0.1131	0.0989	0.1659	0.0909	0.1052	0.1165	0.1474	0.1494	0.2600	0.1965	0.2435	0.1358	0.2185	0.1178	0.1393	0.1251	0.1670	0.1523	0.0940	0.1264	0.0505	0.1300	0.0968	0.1239	0.1319	0.0832	0.0855	0.0474	0.1087	0.1408	0.1156	0.1138
517	0.0373	0.0320	0.0324	0.0358	0.0302	0.0342	0.0304	0.0461	0.0285	0.0442	0.0685	0.0565	0.0633	0.0586	0.0576	0.0248	0.0420	0.0269	0.0435	0.0381	0.0261	0.0162	0.0179	0.0144	0.0148	0.0728	0.0547	0.0444	0.0589	0.0473	0.0435	0.0395	0.0370	0.0330	0.0571	0.0627	0.0552	0.0519	0.0461	0.0223	0.0372	0.0240	0.0182	0.0215
4-Cyanocyclohexene	0.0374	0.0353	0.0299	0.0489	0.0501	0.0283	0.0326	0.0435	0.0383	0.0414	0.0326	0.0312	0.0253	0.0291	0.0393	0.0230	0.0280	0.0266	0.0435	0.0399	0.0401	0.0296	0.0380	0.0282	0.0355	0.0399	0.0415	0.0409	0.0541	0.0366	0.0436	0.0497	0.0359	0.0378	0.0352	0.0400	0.0272	0.0293	0.0261	0.0216	0.0392	0.0291	0.0249	0.0262
523	0.0261	0.0259	0.0211	0.0307	0.0250	0.0175	0.0169	0.0223	0.0176	0.0233	0.0235	0.0199	0.0175	0.0187	0.0206	0.0231	0.0296	0.0271	0.0344	0.0262	0.0400	0.0333	0.0359	0.0273	0.0337	0.0217	0.0186	0.0178	0.0237	0.0271	0.0287	0.0305	0.0204	0.0209	0.0164	0.0156	0.0143	0.0114	0.0116	0.0134	0.0214	0.0177	0.0163	0.0140
1,2,3-Trimethylbenzene	0.0046	0.0064	0.0039	0.0047	0.0054	0.0036	0.0042	0.0046	0.0042	0.0041	0.0049	0.0038	0.0028	0.0031	0.0030	0.0041	0.0049	0.0039	0.0046	0.0040	0.0054	0.0047	0.0061	0.0047	0.0034	0.0040	0.0057	0.0049	0.0074	0.0054	0.0054	0.0067	0.0043	0.0041	0.0063	0.0000	0.0041	0.0031	0.0029	0.0043	0.0053	0.0038	0.0038	0.0039
p-Cymene	0.0082	0.0078	0.0000	0.0058	0.0067	0.0051	0.0056	0.0102	0.0083	0.0147	0.0090	0.0061	0.0040	0.0068	0.0000	0.0089	0.0061	0.0122	0.0193	0.0086	0.0124	0.0106	0.1174	0.0104	0.0216	0.0088	0.0080	0.0115	0.0178	0.0087	0.0098	0.0107	0.0081	0.0083	0.0113	0.0089	0.0103	0.0106	0.0106	0.0061	0.0089	0.0438	0.1673	0.0116
518	0.0208	0.0212	0.0294	0.0286	0.0235	0.0456	0.0456	0.0366	0.0461	0.0404	0.0525	0.1203	0.0727	0.0407	0.0953	0.0228	0.0285	0.0278	0.0331	0.0352	0.0768	0.0361	0.0399	0.0274	0.0347	0.1015	0.0564	0.0384	0.0898	0.0436	0.0361	0.0260	0.0287	0.0269	0.0416	0.0433	0.0448	0.0411	0.0375	0.0176	0.0196	0.0271	0.0181	0.0125
Limonene	0.0224	0.0267	0.0272	0.0258	0.0287	0.0158	0.0151	0.0200	0.0348	0.0239	0.0220	0.0222	0.0176	0.0219	0.0165	0.0170	0.0462	0.0203	0.0317	0.0220	0.0237	0.0163	0.0682	0.0213	0.0815	0.0658	0.0653	0.0619	0.0775	0.0214	0.0239	0.0403	0.0275	0.0370	0.0260	0.0262	0.0218	0.0859	0.0201	0.0312	0.0509	0.0568	0.1297	0.0426
2-Ethyl-1-hexanol	0.0417	0.0344	0.0607	0.0482	0.0621	0.0133	0.0175	0.0431	0.0289	0.0250	0.0282	0.0195	0.0248	0.0225	0.0186	0.0151	0.0254	0.0287	0.0409	0.0365	0.0469	0.0552	0.0616	0.0731	0.0602	0.0563	0.0500	0.0830	0.0873	0.1228	0.1415	0.1372	0.1263	0.1323	0.0635	0.0695	0.0798	0.0581	0.0581	0.0226	0.0231	0.0262	0.0187	0.0234
Eucalyptol	0.0053	0.0060	0.0056	0.0051	0.0071	0.0051	0.0042	0.0047	0.0054	0.0050	0.0063	0.0053	0.0049	0.0051	0.0047	0.0049	0.0068	0.0074	0.0061	0.0059	0.0074	0.0041	0.0066	0.0056	0.0054	0.0070	0.0062	0.0071	0.0099	0.0065	0.0073	0.0098	0.0068	0.0079	0.0067	0.0086	0.0059	0.0058	0.0053	0.0046	0.0069	0.0058	0.0057	0.0063
Benzyl Alcohol	0.0000	0.0000	0.0000	0.0000	0.0000	0.0000	0.0000	0.0000	0.0000	0.0000	0.0000	0.0000	0.0000	0.0000	0.0000	0.0000	0.0049	0.0000	0.0128	0.0053	0.0000	0.0000	0.0000	0.0000	0.0000	0.0000	0.0000	0.0000	0.0000	0.0041	0.0000	0.0109	0.0055	0.0028	0.0068	0.0000	0.0028	0.0000	0.0035	0.0023	0.0000	0.0078	0.0063	0.0079
3,3,5-Trimethylcyclohexanone	0.0118	0.0138	0.0161	0.0174	0.0138	0.0116	0.0206	0.0160	0.0164	0.0157	0.0239	0.0075	0.0177	0.0065	0.0197	0.0116	0.0143	0.0136	0.0131	0.0133	0.0211	0.0167	0.0177	0.0173	0.0155	0.0137	0.0133	0.0130	0.0209	0.0167	0.0195	0.0233	0.0145	0.0109	0.0181	0.0139	0.0000	0.0134	0.0050	0.0000	0.0000	0.0000	0.0000	0.0000
Salicylaldehyde	0.0031	0.0000	0.0050	0.0046	0.0042	0.0000	0.0000	0.0000	0.0000	0.0000	0.0000	0.0066	0.0000	0.0030	0.0070	0.0000	0.0000	0.0000	0.0000	0.0000	0.0000	0.0000	0.0000	0.0000	0.0000	0.0047	0.0000	0.0081	0.0042	0.0000	0.0000	0.0000	0.0000	0.0000	0.0000	0.0000	0.0000	0.0000	0.0000	0.0000	0.0000	0.0000	0.0000	0.0000
5-Ethyl-2(5H)-furanone	0.0120	0.0111	0.0169	0.0163	0.0166	0.0000	0.0000	0.0114	0.0095	0.0078	0.0091	0.0053	0.0072	0.0062	0.0000	0.0045	0.0055	0.0077	0.0073	0.0083	0.0183	0.0142	0.0180	0.0199	0.0180	0.0195	0.0153	0.0235	0.0273	0.0357	0.0401	0.0457	0.0348	0.0383	0.0194	0.0174	0.0187	0.0138	0.0166	0.0052	0.0053	0.0075	0.0085	0.0053
Benzeneacetaldehyde	0.0061	0.0050	0.0000	0.0065	0.0081	0.0000	0.0000	0.0000	0.0000	0.0000	0.0000	0.0000	0.0000	0.0000	0.0000	0.0000	0.0000	0.0000	0.0000	0.0000	0.0000	0.0000	0.0000	0.0000	0.0000	0.0000	0.0000	0.0000	0.0000	0.0000	0.0000	0.0000	0.0000	0.0000	0.0000	0.0000	0.0000	0.0000	0.0000	0.0000	0.0000	0.0000	0.0000	0.0000
2-Cyclohepten-1-one	0.0078	0.0133	0.0209	0.0139	0.0116	0.0129	0.0155	0.0225	0.0272	0.0241	0.0167	0.0176	0.0146	0.0189	0.0169	0.0133	0.0235	0.0163	0.0244	0.0289	0.0060	0.0000	0.0060	0.0000	0.0043	0.0323	0.0276	0.0341	0.0392	0.0171	0.0184	0.0221	0.0201	0.0150	0.0421	0.0269	0.0290	0.0253	0.0278	0.0152	0.0147	0.0125	0.0159	0.0136
470	0.0514	0.0531	0.0537	0.0501	0.0352	0.0283	0.0407	0.0379	0.0314	0.0449	0.0334	0.0216	0.0300	0.0280	0.0356	0.0225	0.0241	0.0343	0.0277	0.0378	0.0619	0.0457	0.0545	0.0355	0.0561	0.0355	0.0367	0.0314	0.0450	0.0442	0.0295	0.0383	0.0199	0.0290	0.0298	0.0316	0.0348	0.0195	0.0233	0.0137	0.0280	0.0351	0.0289	0.0263
65	0.0000	0.0000	0.0000	0.0000	0.0000	0.0000	0.0000	0.0000	0.0000	0.0000	0.0000	0.0000	0.0000	0.0000	0.0000	0.0000	0.0000	0.0000	0.0000	0.0000	0.0316	0.0250	0.0283	0.0200	0.0266	0.0034	0.0043	0.0042	0.0000	0.0177	0.0170	0.0196	0.0157	0.0158	0.0131	0.0133	0.0138	0.0074	0.0107	0.0000	0.0000	0.0000	0.0000	0.0000
gamma-Hexalactone	0.0121	0.0122	0.0000	0.0112	0.0081	0.0068	0.0101	0.0082	0.0079	0.0099	0.0000	0.0067	0.0000	0.0071	0.0084	0.0051	0.0061	0.0062	0.0000	0.0098	0.0147	0.0112	0.0121	0.0101	0.0120	0.0085	0.0086	0.0057	0.0075	0.0120	0.0076	0.0090	0.0043	0.0071	0.0068	0.0062	0.0084	0.0049	0.0054	0.0000	0.0059	0.0074	0.0072	0.0071
2E-Octenal	0.0286	0.0284	0.0349	0.0370	0.0261	0.0064	0.0068	0.0089	0.0096	0.0111	0.0103	0.0095	0.0069	0.0081	0.0115	0.0084	0.0086	0.0088	0.0098	0.0127	0.0158	0.0142	0.0165	0.0128	0.0146	0.0138	0.0104	0.0128	0.0127	0.0082	0.0097	0.0108	0.0086	0.0074	0.0098	0.0104	0.0110	0.0112	0.0093	0.0059	0.0110	0.0106	0.0116	0.0144
4-Methyldecane	0.0172	0.0188	0.0184	0.0204	0.0152	0.0416	0.0404	0.0444	0.0440	0.0492	0.0726	0.0643	0.0580	0.0633	0.0628	0.0658	0.0821	0.0689	0.0684	0.0827	0.1120	0.0849	0.0932	0.0736	0.0907	0.0495	0.0424	0.0366	0.0605	0.0770	0.0874	0.0862	0.0694	0.0617	0.0433	0.0412	0.0454	0.0357	0.0373	0.0312	0.0518	0.0441	0.0389	0.0384
9	0.0162	0.0221	0.0389	0.0243	0.0158	0.0114	0.0123	0.0186	0.0176	0.0147	0.0138	0.0108	0.0136	0.0167	0.0326	0.0130	0.0229	0.0236	0.0278	0.0361	0.0330	0.0275	0.0242	0.0374	0.0268	0.0312	0.0347	0.0333	0.0322	0.0143	0.0109	0.0129	0.0069	0.0106	0.0059	0.0111	0.0095	0.0073	0.0075	0.0000	0.0000	0.0000	0.0000	0.0000
2-Methyldecane	0.0141	0.0145	0.0196	0.0158	0.0148	0.0112	0.0108	0.0116	0.0133	0.0140	0.0182	0.0165	0.0151	0.0152	0.0153	0.0143	0.0190	0.0180	0.0184	0.0189	0.0231	0.0210	0.0196	0.0145	0.0207	0.0145	0.0120	0.0108	0.0165	0.0177	0.0201	0.0215	0.0168	0.0136	0.0124	0.0115	0.0112	0.0100	0.0092	0.0085	0.0122	0.0135	0.0094	0.0093
Acetophenone	0.2492	0.2745	0.2503	0.2745	0.2709	0.1732	0.1704	0.1811	0.1670	0.1986	0.2296	0.1377	0.1671	0.1342	0.1576	0.1573	0.2053	0.1929	0.2134	0.2093	0.2309	0.1933	0.1860	0.1662	0.1679	0.1939	0.1944	0.3809	0.2521	0.2652	0.2973	0.3617	0.2557	0.2519	0.2014	0.1804	0.1686	0.1435	0.1499	0.1444	0.2476	0.2286	0.1862	0.1948
2Z-Octen-1-ol	0.0000	0.0000	0.0081	0.0047	0.0055	0.0000	0.0056	0.0074	0.0064	0.0074	0.0104	0.0000	0.0039	0.0076	0.0000	0.0000	0.0098	0.0068	0.0084	0.0073	0.0000	0.0131	0.0155	0.0120	0.0141	0.0000	0.0038	0.0169	0.0159	0.0000	0.0000	0.0156	0.0164	0.0062	0.0000	0.0000	0.0090	0.0082	0.0068	0.0000	0.0000	0.0110	0.0103	0.0078
2E-Octen-1-ol	0.0000	0.0000	0.0000	0.0000	0.0000	0.0000	0.0000	0.0000	0.0000	0.0000	0.0000	0.0000	0.0000	0.0000	0.0000	0.0000	0.0000	0.0000	0.0000	0.0000	0.0000	0.0161	0.0181	0.0134	0.0170	0.0000	0.0000	0.0000	0.0000	0.0000	0.0000	0.0000	0.0000	0.0000	0.0000	0.0000	0.0000	0.0000	0.0000	0.0000	0.0000	0.0000	0.0000	0.0000
(3E,5E)-3,5-Octadien-2-one	0.0236	0.0250	0.0312	0.0295	0.0265	0.0108	0.0091	0.0096	0.0121	0.0133	0.0185	0.0113	0.0139	0.0131	0.0111	0.0172	0.0236	0.0201	0.0281	0.0284	0.0464	0.0351	0.0420	0.0383	0.0321	0.0239	0.0176	0.0283	0.0278	0.0264	0.0282	0.0326	0.0232	0.0191	0.0165	0.0192	0.0184	0.0161	0.0151	0.0096	0.0142	0.0141	0.0098	0.0101
p-Cresol	0.0000	0.0000	0.0000	0.0000	0.0000	0.0533	0.0641	0.0809	0.0867	0.0580	0.0000	0.0000	0.0000	0.0000	0.0000	0.0000	0.0000	0.0000	0.0000	0.0000	0.0219	0.0225	0.0240	0.0289	0.0232	0.0160	0.0080	0.0272	0.0330	0.0000	0.0000	0.0000	0.0000	0.0000	0.0000	0.0000	0.0000	0.0000	0.0000	0.0000	0.0000	0.0000	0.0000	0.0000
1-Octanol	0.0066	0.0071	0.0172	0.0117	0.0091	0.0051	0.0077	0.0091	0.0091	0.0077	0.0099	0.0057	0.0056	0.0060	0.0066	0.0084	0.0095	0.0085	0.0095	0.0079	0.0357	0.0180	0.0186	0.0149	0.0143	0.0093	0.0081	0.0126	0.0112	0.0108	0.0094	0.0139	0.0112	0.0088	0.0095	0.0078	0.0084	0.0079	0.0075	0.0043	0.0077	0.0097	0.0075	0.0088
76	0.0104	0.0123	0.0122	0.0147	0.0168	0.0092	0.0098	0.0106	0.0131	0.0118	0.0101	0.0058	0.0098	0.0110	0.0083	0.0114	0.0129	0.0176	0.0170	0.0138	0.0000	0.0224	0.0134	0.0374	0.0159	0.0172	0.0106	0.0143	0.0230	0.0000	0.0000	0.0000	0.0000	0.0000	0.0140	0.0137	0.0135	0.0109	0.0107	0.0045	0.0088	0.0065	0.0084	0.0126
553	0.0000	0.0000	0.0000	0.0000	0.0000	0.0000	0.0000	0.0000	0.0000	0.0000	0.0000	0.0000	0.0000	0.0000	0.0000	0.0000	0.0000	0.0000	0.0000	0.0000	0.6062	0.3046	0.2375	0.2634	0.2883	0.0168	0.0122	0.0126	0.0153	0.0000	0.0000	0.0000	0.0000	0.0000	0.0000	0.0000	0.0000	0.0000	0.0000	0.0000	0.0000	0.0000	0.0000	0.0000
2-Ethyl-3,5-dimethylpyrazine	0.1282	0.1046	0.1026	0.0824	0.0866	0.0837	0.1162	0.0926	0.0564	0.1057	0.0000	0.0000	0.0000	0.0000	0.0000	0.0267	0.0193	0.0455	0.0241	0.0293	0.2003	0.2032	0.2111	0.2337	0.2011	0.1535	0.1322	0.2112	0.2946	0.1934	0.1637	0.3161	0.1746	0.1918	0.0850	0.0884	0.0714	0.0574	0.0475	0.0665	0.1107	0.3850	0.0814	0.1288
536	0.0383	0.0422	0.0378	0.0500	0.0361	0.0278	0.0267	0.0325	0.0328	0.0397	0.0500	0.0421	0.0383	0.0422	0.0422	0.0387	0.0496	0.0518	0.0523	0.0493	0.0702	0.0514	0.0568	0.0390	0.0436	0.0372	0.0295	0.0259	0.0414	0.0393	0.0467	0.0523	0.0352	0.0379	0.0310	0.0282	0.0262	0.0239	0.0223	0.0228	0.0332	0.0308	0.0269	0.0278
537	0.0403	0.0395	0.0000	0.0412	0.0377	0.0260	0.0236	0.0322	0.0293	0.0343	0.0355	0.0302	0.0273	0.0277	0.0278	0.0367	0.0411	0.0459	0.0463	0.0434	0.0920	0.0637	0.0693	0.0525	0.0585	0.0321	0.0300	0.0291	0.0400	0.0323	0.0407	0.0454	0.0322	0.0323	0.0274	0.0288	0.0292	0.0196	0.0192	0.0203	0.0320	0.0294	0.0262	0.0235
2,6-Diethylpyrazine 	1.4627	1.2008	1.0845	0.9478	0.9474	1.3194	1.6969	1.4985	1.2909	1.6734	0.0106	0.0000	0.0059	0.0095	0.0046	0.1765	0.1181	0.2282	0.1695	0.1931	0.1584	0.1574	0.1724	0.1172	0.1709	2.0719	1.8205	2.8781	3.8555	3.3292	3.0046	5.4430	3.2913	2.5366	1.8898	1.8402	1.4889	1.2724	1.0415	1.5921	2.4640	5.6504	1.8065	2.9901
alpha,alpha-Dimethylbenzenemethanol	0.0892	0.0722	0.0580	0.0548	0.0560	0.0779	0.0937	0.0786	0.0776	0.0990	0.0000	0.0000	0.0000	0.0000	0.0000	0.0084	0.0057	0.0088	0.0074	0.0118	0.0000	0.0000	0.0000	0.0000	0.0000	0.1258	0.1054	0.1723	0.2322	0.1909	0.1752	0.3108	0.1856	0.1477	0.1063	0.1073	0.0900	0.0746	0.0603	0.0876	0.1373	0.3192	0.1043	0.1658
Tetramethylpyrazine	0.0000	0.0000	0.0000	0.0000	0.0000	0.0000	0.0000	0.0000	0.0000	0.0000	0.0000	0.0000	0.0000	0.0000	0.0000	1.3549	0.0423	4.1609	0.0555	0.0205	132.2428	106.7937	124.6940	136.2771	102.7947	0.0000	0.0000	0.0000	0.0000	0.0000	0.0000	0.0000	0.0000	0.0000	0.0000	0.0000	0.0000	0.0000	0.0000	0.0000	0.0000	0.0000	0.0000	0.0000
p-Cymenene	0.0000	0.0000	0.0000	0.0000	0.0000	0.0000	0.0000	0.0000	0.0000	0.0000	0.0000	0.0000	0.0000	0.0000	0.0000	0.0000	0.0000	0.0000	0.0000	0.0000	0.0058	0.0048	0.0075	0.0053	0.0061	0.0000	0.0000	0.0000	0.0000	0.0000	0.0000	0.0000	0.0000	0.0000	0.0000	0.0000	0.0000	0.0000	0.0000	0.0000	0.0000	0.0000	0.0000	0.0000
2-Methoxyphenol	0.0035	0.0038	0.0067	0.0045	0.0048	0.0000	0.0000	0.0000	0.0000	0.0000	0.0045	0.0000	0.0049	0.0034	0.0032	0.0091	0.0090	0.0126	0.0130	0.0128	0.0213	0.0167	0.0184	0.0158	0.0144	0.0000	0.0000	0.0000	0.0000	0.0054	0.0084	0.0076	0.0000	0.0055	0.0000	0.0000	0.0000	0.0000	0.0000	0.0000	0.0000	0.0000	0.0000	0.0000
2-Nonanone	0.0346	0.0420	0.0345	0.0463	0.0423	0.0706	0.0563	0.0653	0.0546	0.0705	0.0371	0.0068	0.0283	0.0125	0.0089	0.5225	0.7262	0.6203	0.7158	0.7538	0.5758	0.4264	0.4728	0.3517	0.4181	0.0316	0.0282	0.0376	0.0361	0.1021	0.0952	0.1087	0.0917	0.1012	0.0443	0.0467	0.0426	0.0361	0.0363	0.0050	0.0100	0.0082	0.0050	0.0056
3E,5Z-Octadien-2-one	0.0130	0.0093	0.0159	0.0140	0.0127	0.0269	0.0179	0.0207	0.0218	0.0230	0.0000	0.0000	0.0000	0.0000	0.0000	0.0627	0.0909	0.0816	0.0954	0.1024	0.1142	0.0838	0.0838	0.0000	0.0773	0.0138	0.0080	0.0200	0.0163	0.0319	0.0285	0.0352	0.0228	0.0330	0.0156	0.0206	0.0158	0.0141	0.0149	0.0037	0.0095	0.0000	0.0033	0.0000
168	0.0367	0.0487	0.0794	0.0968	0.0612	0.0767	0.0985	0.0781	0.1115	0.0580	0.0615	0.0353	0.0834	0.0536	0.0698	0.0434	0.0641	0.0437	0.1731	0.1590	0.0976	0.0737	0.0822	0.1195	0.0849	0.0948	0.0620	0.1144	0.0800	0.1539	0.0895	0.0783	0.0547	0.0503	0.0869	0.0685	0.0369	0.0533	0.0456	0.0000	0.0000	0.0000	0.0000	0.0000
113	0.0226	0.0328	0.0000	0.0343	0.0719	0.0371	0.0460	0.0811	0.0709	0.0629	0.0901	0.0409	0.0538	0.0616	0.0435	0.0320	0.0727	0.0484	0.1009	0.0710	0.0665	0.0520	0.0927	0.0883	0.1056	0.0544	0.0375	0.1296	0.1249	0.0444	0.0444	0.1254	0.1199	0.0614	0.0383	0.0367	0.0679	0.0685	0.0610	0.0233	0.0407	0.0872	0.0780	0.0668
Undecane	0.0431	0.0404	0.0923	0.0429	0.0463	0.0248	0.0334	0.0546	0.0335	0.0279	0.0348	0.0211	0.0255	0.0278	0.0225	0.0245	0.0273	0.0232	0.0343	0.0307	0.0419	0.0352	0.0388	0.0288	0.0284	0.0315	0.0276	0.0310	0.0301	0.0394	0.0307	0.0401	0.0346	0.0290	0.0492	0.0511	0.0266	0.0267	0.0265	0.0136	0.0224	0.0213	0.0143	0.0169
Nonanal	0.0407	0.0814	0.0419	0.1029	0.1004	0.0575	0.0831	0.1036	0.1021	0.1068	0.1526	0.0756	0.0918	0.1097	0.0774	0.0469	0.1394	0.0892	0.1386	0.1182	0.0938	0.0806	0.1490	0.1331	0.1390	0.0828	0.0679	0.2217	0.1926	0.0789	0.0725	0.2051	0.2053	0.1069	0.0731	0.0655	0.1162	0.1205	0.1071	0.0381	0.0705	0.1423	0.1359	0.1152
2,6-Dimethylcyclohexanol	0.0228	0.0185	0.0345	0.0280	0.0330	0.0164	0.0170	0.0200	0.0185	0.0177	0.0196	0.0138	0.0203	0.0150	0.0194	0.0147	0.0247	0.0225	0.0329	0.0335	0.0338	0.0276	0.0248	0.0279	0.0269	0.0253	0.0196	0.0334	0.0313	0.0160	0.0132	0.0279	0.0088	0.0201	0.0233	0.0268	0.0272	0.0178	0.0219	0.0101	0.0271	0.0133	0.0156	0.0189
Maltol	0.0304	0.0272	0.0422	0.0324	0.0311	0.0175	0.0307	0.0286	0.0306	0.0335	0.0336	0.0240	0.0203	0.0215	0.0236	0.0267	0.0295	0.0295	0.0462	0.0339	0.0361	0.0391	0.0452	0.0360	0.0500	0.0412	0.0484	0.0413	0.0354	0.0277	0.0256	0.0559	0.0355	0.0239	0.0382	0.0283	0.0283	0.0222	0.0321	0.0210	0.0266	0.0253	0.0220	0.0156
Levoglucosenone	0.0089	0.0128	0.0143	0.0047	0.0000	0.0030	0.0044	0.0183	0.0045	0.0037	0.0040	0.0000	0.0028	0.0038	0.0032	0.0036	0.0043	0.0000	0.0057	0.0039	0.0099	0.0084	0.0075	0.0076	0.0075	0.0080	0.0054	0.0068	0.0041	0.0136	0.0038	0.0043	0.0000	0.0000	0.0000	0.0000	0.0000	0.0000	0.0000	0.0000	0.0000	0.0000	0.0000	0.0000
Phenylethyl Alcohol	0.0000	0.0000	0.0000	0.0000	0.0000	0.0000	0.0000	0.0000	0.0000	0.0000	0.0000	0.0000	0.0000	0.0000	0.0000	0.0134	0.0045	0.0071	0.0133	0.0104	0.0186	0.0135	0.0263	0.0072	0.0072	0.0058	0.0000	0.0095	0.0086	0.0000	0.0000	0.0000	0.0000	0.0000	0.0448	0.0888	0.0921	0.0740	0.0590	0.0000	0.0000	0.0000	0.0000	0.0000
Methyl methylthiomethyl disulfide	0.2060	0.2928	0.2985	0.2945	0.2531	0.6403	0.7468	0.7956	0.6552	0.8507	0.2099	0.1541	0.1745	0.1840	0.2237	0.1121	0.1858	0.1284	0.1524	0.1868	0.1657	0.1455	0.1259	0.0616	0.2083	0.6166	0.5125	0.4783	0.4481	0.3164	0.2940	0.3005	0.3143	0.1638	0.4348	0.6905	0.5004	0.5536	0.4671	0.2728	0.5896	0.2498	0.2958	0.2529
Benzyl methyl ketone	47.8948	49.9147	43.0451	46.3113	49.3363	34.5571	31.6871	35.0027	27.3552	32.3118	52.4685	16.9465	32.1588	33.3252	15.7291	8.6055	8.5235	9.2172	8.7481	9.6464	17.4362	11.0321	12.0805	9.0409	10.8957	18.4245	13.9748	16.6378	20.1088	41.5335	36.4410	49.5018	36.3941	33.1162	66.2412	57.8381	49.6918	41.6288	41.1917	63.6905	80.6535	67.0410	61.1178	71.3966
alpha-Methylbenzeneethanol	0.4423	0.5075	0.5168	0.4102	0.3667	0.1727	0.1697	0.2280	0.1635	0.1730	0.1006	0.0526	0.0773	0.0792	0.0489	0.0464	0.0470	0.0495	0.0509	0.0530	0.1134	0.0844	0.0891	0.0611	0.0799	0.9361	0.5583	0.8361	0.6889	0.1976	0.1305	0.2011	0.1107	0.1797	0.6378	0.7277	0.6575	0.5447	0.4783	0.2057	0.3829	0.2911	0.1530	0.1182
Benzyl nitrile	0.0210	0.0184	0.0270	0.0185	0.0206	0.0166	0.0137	0.0228	0.0177	0.0162	0.0171	0.0140	0.0126	0.0127	0.0115	0.0116	0.0123	0.0107	0.0168	0.0148	0.0177	0.0140	0.0152	0.0132	0.0142	0.0189	0.0142	0.0158	0.0198	0.0168	0.0167	0.0196	0.0161	0.0133	0.0175	0.0170	0.0126	0.0131	0.0124	0.0112	0.0206	0.0153	0.0106	0.0120
N,4-Dimethylbenzenamine	0.0000	0.0000	0.0000	0.0000	0.0000	0.0000	0.0000	0.0000	0.0000	0.0000	0.0000	0.0000	0.0000	0.0000	0.0000	0.0000	0.0000	0.0000	0.0000	0.0000	0.2085	0.1135	0.2539	0.1138	0.0911	0.0000	0.0000	0.0000	0.0000	0.0000	0.0000	0.0000	0.0000	0.0000	0.0000	0.0000	0.0000	0.0000	0.0000	0.0000	0.0000	0.0000	0.0000	0.0000
Camphor	0.0044	0.0037	0.0083	0.0000	0.0044	0.0077	0.0058	0.0104	0.0078	0.0081	0.0000	0.0000	0.0029	0.0038	0.0029	0.0031	0.0038	0.0062	0.0051	0.0069	0.0095	0.0040	0.0055	0.0063	0.0092	0.0053	0.0036	0.0057	0.0085	0.0039	0.0048	0.0073	0.0058	0.0049	0.0069	0.0061	0.0050	0.0038	0.0042	0.0033	0.0043	0.0037	0.0039	0.0057
Sabina Ketone	0.0060	0.0069	0.0073	0.0069	0.0077	0.0000	0.0000	0.0000	0.0000	0.0000	0.0000	0.0000	0.0000	0.0000	0.0000	0.0030	0.0039	0.0044	0.0056	0.0054	0.0000	0.0000	0.0000	0.0000	0.0000	0.0000	0.0000	0.0000	0.0000	0.0000	0.0000	0.0000	0.0000	0.0000	0.0000	0.0000	0.0000	0.0000	0.0000	0.0000	0.0000	0.0000	0.0000	0.0000
2,4,6-Cycloheptatrien-1-one	0.0462	0.0623	0.1059	0.0533	0.0506	0.0808	0.0988	0.1298	0.0985	0.0964	0.1140	0.2003	0.1072	0.1439	0.2477	0.0512	0.0660	0.0536	0.0844	0.0973	0.0826	0.0591	0.0838	0.0412	0.0742	0.2248	0.1575	0.2552	0.2050	0.0817	0.0559	0.0854	0.0638	0.0636	0.0987	0.1006	0.1011	0.1037	0.0868	0.0350	0.0845	0.0839	0.0450	0.0592
2,3,5-Trimethyl-6-ethylpyrazine 	0.0408	0.0395	0.0382	0.0256	0.0327	0.0732	0.1362	0.0885	0.0842	0.1073	0.0000	0.0000	0.0000	0.0000	0.0000	0.0000	0.0000	0.0000	0.0000	0.0000	1.8339	1.7321	1.9577	2.2262	1.5986	0.1500	0.1263	0.2089	0.3797	0.0351	0.0316	0.0568	0.0318	0.0210	0.0771	0.0773	0.0818	0.0547	0.0455	0.0317	0.0504	0.3712	0.0452	0.0878
550	0.0246	0.0239	0.0175	0.0258	0.0307	0.0114	0.0093	0.0073	0.0076	0.0131	0.0000	0.0000	0.0000	0.0000	0.0000	0.1098	0.1240	0.1306	0.1462	0.1516	0.0000	0.0000	0.0000	0.0000	0.0000	0.0000	0.0000	0.0000	0.0000	0.0086	0.0207	0.0187	0.0213	0.0189	0.0197	0.0213	0.0161	0.0130	0.0171	0.0000	0.0000	0.0000	0.0000	0.0000
2,6-Dimethyl-3,7-Octadiene-2,6-diol	0.0000	0.0057	0.0074	0.0071	0.0089	0.0000	0.0069	0.0108	0.0095	0.0104	0.0193	0.0047	0.0069	0.0121	0.0042	0.0000	0.0150	0.0099	0.0162	0.0120	0.0000	0.0088	0.0142	0.0159	0.0162	0.0051	0.0056	0.0303	0.0213	0.0046	0.0048	0.0234	0.0298	0.0091	0.0000	0.0061	0.0067	0.0116	0.0112	0.0000	0.0061	0.0152	0.0140	0.0108
1-Phenyl-1,2-propanedione	0.0329	0.0618	0.0577	0.0651	0.0536	0.0320	0.0255	0.0366	0.0383	0.0509	0.0362	0.0208	0.0277	0.0449	0.0195	0.0136	0.0107	0.0107	0.0137	0.0128	0.0099	0.0126	0.0214	0.0100	0.0138	0.0221	0.0157	0.0919	0.0229	0.0375	0.0383	0.1467	0.0484	0.0449	0.1018	0.0837	0.0592	0.0433	0.0540	0.0626	0.1209	0.1455	0.0850	0.1532
383	0.0000	0.0060	0.0075	0.0069	0.0087	0.0000	0.0067	0.0111	0.0091	0.0064	0.0190	0.0044	0.0072	0.0079	0.0040	0.0000	0.0152	0.0099	0.0145	0.0118	0.0000	0.0083	0.0146	0.0162	0.0165	0.0049	0.0057	0.0308	0.0209	0.0045	0.0046	0.0242	0.0286	0.0086	0.0047	0.0065	0.0134	0.0117	0.0110	0.0000	0.0064	0.0142	0.0135	0.0106
79	0.0000	0.0102	0.0118	0.0115	0.0087	0.0060	0.0084	0.0132	0.0140	0.0087	0.0195	0.0061	0.0090	0.0132	0.0058	0.0048	0.0149	0.0145	0.0125	0.0145	0.0134	0.0128	0.0171	0.0159	0.0163	0.0072	0.0073	0.0302	0.0236	0.0069	0.0079	0.0246	0.0307	0.0113	0.0088	0.0100	0.0156	0.0108	0.0139	0.0042	0.0065	0.0146	0.0144	0.0136
1-Nonanol	0.0062	0.0113	0.0107	0.0120	0.0134	0.0068	0.0086	0.0166	0.0165	0.0134	0.0203	0.0066	0.0088	0.0136	0.0069	0.0058	0.0193	0.0137	0.0157	0.0159	0.0160	0.0108	0.0199	0.0148	0.0193	0.0080	0.0064	0.0348	0.0265	0.0066	0.0092	0.0222	0.0287	0.0117	0.0133	0.0108	0.0133	0.0110	0.0129	0.0058	0.0097	0.0179	0.0123	0.0117
Menthol	0.0000	0.0000	0.0000	0.0000	0.0000	0.0000	0.0000	0.0103	0.0065	0.0063	0.0000	0.0000	0.0000	0.0000	0.0000	0.0050	0.0057	0.0068	0.0062	0.0057	0.0136	0.0000	0.0153	0.0122	0.0105	0.0000	0.0038	0.0062	0.0097	0.0000	0.0000	0.0000	0.0000	0.0000	0.0062	0.0053	0.0047	0.0000	0.0038	0.0000	0.0000	0.0000	0.0000	0.0000
69	0.0064	0.0079	0.0086	0.0089	0.0067	0.0051	0.0066	0.0090	0.0066	0.0081	0.0058	0.0000	0.0037	0.0000	0.0032	0.0043	0.0056	0.0053	0.0067	0.0060	0.0076	0.0104	0.0126	0.0095	0.0117	0.0059	0.0046	0.0064	0.0075	0.0062	0.0080	0.0097	0.0064	0.0058	0.0073	0.0077	0.0070	0.0055	0.0061	0.0035	0.0044	0.0038	0.0038	0.0040
70	0.0034	0.0035	0.0057	0.0044	0.0033	0.0029	0.0029	0.0040	0.0043	0.0034	0.0000	0.0000	0.0000	0.0000	0.0000	0.0000	0.0000	0.0032	0.0059	0.0040	0.0078	0.0057	0.0064	0.0057	0.0075	0.0000	0.0000	0.0000	0.0000	0.0037	0.0039	0.0050	0.0037	0.0033	0.0035	0.0041	0.0033	0.0000	0.0026	0.0000	0.0000	0.0000	0.0000	0.0000
Naphthalene	0.0443	0.0479	0.0456	0.0506	0.0528	0.0424	0.0392	0.0409	0.0414	0.0481	0.0589	0.0416	0.0393	0.0438	0.0349	0.0395	0.0472	0.0418	0.0495	0.0433	0.0619	0.0438	0.0516	0.0442	0.0462	0.0505	0.0433	0.0405	0.0640	0.0387	0.0509	0.0599	0.0469	0.0435	0.0563	0.0493	0.0445	0.0410	0.0413	0.0343	0.0526	0.0419	0.0372	0.0527
p-Acetyltoluene	0.0172	0.0166	0.0000	0.0150	0.0203	0.0148	0.0119	0.0119	0.0000	0.0162	0.0190	0.0127	0.0169	0.0145	0.0114	0.0126	0.0152	0.0200	0.0000	0.0159	0.0130	0.0127	0.0000	0.0000	0.0137	0.0169	0.0128	0.0133	0.0265	0.0127	0.0190	0.0231	0.0151	0.0189	0.0185	0.0166	0.0169	0.0122	0.0136	0.0112	0.0171	0.0154	0.0148	0.0181
2-Decanone	0.0000	0.0000	0.0000	0.0000	0.0000	0.0000	0.0000	0.0000	0.0000	0.0000	0.0000	0.0000	0.0000	0.0000	0.0000	0.0053	0.0043	0.0044	0.0161	0.0104	0.0080	0.0054	0.0086	0.0045	0.0121	0.0000	0.0000	0.0000	0.0000	0.0000	0.0000	0.0000	0.0000	0.0000	0.0000	0.0000	0.0000	0.0000	0.0000	0.0000	0.0000	0.0000	0.0000	0.0000
3Z-Hexenyl butanoate	0.0000	0.0000	0.0000	0.0000	0.0000	0.0000	0.0027	0.0031	0.0044	0.0034	0.0000	0.0000	0.0000	0.0000	0.0000	0.0027	0.0031	0.0000	0.0000	0.0047	0.0000	0.0000	0.0000	0.0000	0.0000	0.0000	0.0000	0.0000	0.0000	0.0000	0.0087	0.0114	0.0121	0.0000	0.0122	0.0045	0.0035	0.0038	0.0042	0.0000	0.0037	0.0096	0.0036	0.0029
Methyl salicylate	0.0000	0.0000	0.0000	0.0000	0.0000	0.0000	0.0000	0.0132	0.0120	0.0102	0.0000	0.0000	0.0000	0.0000	0.0000	0.0000	0.0000	0.0104	0.0299	0.0177	0.0000	0.0000	0.2605	0.0189	0.0179	0.0000	0.0000	0.0000	0.0000	0.0000	0.0000	0.0105	0.0068	0.0065	0.0064	0.0038	0.0100	0.0096	0.0078	0.0000	0.0039	0.0366	0.0090	0.0083
Dodecane 	0.1637	0.1585	0.1866	0.1849	0.1358	0.1137	0.0959	0.1552	0.1168	0.1527	0.1145	0.0811	0.0662	0.0882	0.0826	0.0721	0.0972	0.0913	0.1341	0.0988	0.2337	0.2027	0.2468	0.1408	0.1988	0.0798	0.0849	0.0683	0.1036	0.1070	0.1258	0.1228	0.1303	0.0897	0.1469	0.1634	0.1291	0.1136	0.1164	0.1226	0.1574	0.1414	0.1250	0.1432
Decanal	0.0209	0.0507	0.0288	0.0469	0.0484	0.0263	0.0423	0.0736	0.0761	0.0759	0.0895	0.0419	0.0476	0.0659	0.0372	0.0189	0.0830	0.0562	0.0903	0.0871	0.0333	0.0362	0.0846	0.0866	0.1089	0.0371	0.0411	0.1612	0.1223	0.0441	0.0540	0.1465	0.1487	0.0680	0.0558	0.0494	0.0711	0.0762	0.0735	0.0230	0.0370	0.0912	0.0840	0.0707
130	0.0069	0.0064	0.0067	0.0076	0.0062	0.0042	0.0041	0.0047	0.0092	0.0049	0.0045	0.0036	0.0029	0.0041	0.0029	0.0050	0.0093	0.0059	0.0103	0.0070	0.0136	0.0112	0.0167	0.0115	0.0130	0.0151	0.0179	0.0710	0.0516	0.0057	0.0171	0.0151	0.0151	0.0056	0.0163	0.0083	0.0076	0.0065	0.0072	0.0045	0.0076	0.0134	0.0069	0.0063
Dimethyl tetrasulfide	0.0361	0.0143	0.0408	0.0394	0.0645	0.0981	0.1140	0.0880	0.0868	0.1839	0.0000	0.0000	0.0000	0.0000	0.0000	0.0000	0.0000	0.0000	0.0000	0.0000	0.0000	0.0000	0.0000	0.0000	0.0000	0.0000	0.0000	0.0000	0.0000	0.0000	0.0000	0.0000	0.0000	0.0000	0.0242	0.0707	0.0558	0.0452	0.0450	0.0234	0.0906	0.0318	0.0179	0.0102
2-Phenoxyethanol	0.0000	0.0000	0.0000	0.0000	0.0000	0.0000	0.0142	0.0201	0.0184	0.0000	0.0000	0.0000	0.0000	0.0000	0.0000	0.0000	0.0086	0.0045	0.0201	0.0117	0.0000	0.0000	0.0140	0.0134	0.0129	0.0000	0.0000	0.0000	0.0000	0.0000	0.0000	0.0000	0.0000	0.0000	0.0000	0.0000	0.0000	0.0000	0.0000	0.0000	0.0000	0.0000	0.0000	0.0000
Benzothiazole	0.0386	0.0375	0.0520	0.0446	0.0404	0.0343	0.0428	0.0487	0.0381	0.0411	0.0368	0.0285	0.0337	0.0279	0.0285	0.0268	0.0376	0.0297	0.0438	0.0342	0.0544	0.0368	0.0508	0.0460	0.0522	0.0518	0.0336	0.0422	0.0514	0.0438	0.0279	0.0388	0.0277	0.0297	0.0469	0.0364	0.0341	0.0297	0.0314	0.0250	0.0321	0.0405	0.0337	0.0352
1-Phenyl-2-butanone	0.0417	0.0362	0.0478	0.0385	0.0412	0.0288	0.0353	0.0340	0.0308	0.0324	0.0261	0.0115	0.0202	0.0189	0.0111	0.0363	0.0375	0.0384	0.0463	0.0461	0.0653	0.0457	0.0603	0.0496	0.0598	0.0855	0.0629	0.0846	0.0885	0.0306	0.0210	0.0330	0.0226	0.0211	0.0630	0.0382	0.0438	0.0263	0.0182	0.0314	0.0426	0.0514	0.0357	0.0382
1,3-Di-tert-butylbenzene	0.0181	0.0194	0.0166	0.0167	0.0184	0.0244	0.0244	0.0290	0.0224	0.0338	0.0125	0.0085	0.0111	0.0104	0.0064	0.0214	0.0273	0.0216	0.0295	0.0267	0.0568	0.0356	0.0412	0.0345	0.0441	0.0117	0.0145	0.0108	0.0154	0.0092	0.0184	0.0152	0.0088	0.0136	0.0506	0.0499	0.0434	0.0316	0.0320	0.0252	0.0392	0.0315	0.0259	0.0349
Decanol	0.0142	0.0173	0.0160	0.0160	0.0151	0.0087	0.0092	0.0129	0.0138	0.0139	0.0178	0.0096	0.0090	0.0131	0.0110	0.0132	0.0161	0.0161	0.0253	0.0189	0.0318	0.0241	0.0295	0.0214	0.0279	0.0081	0.0075	0.0088	0.0115	0.0135	0.0152	0.0185	0.0142	0.0087	0.0134	0.0158	0.0147	0.0120	0.0113	0.0101	0.0175	0.0152	0.0139	0.0152
Z-Cinnamaldehyde	0.0251	0.0396	0.0000	0.0342	0.0539	0.0197	0.0903	0.1884	0.1493	0.4622	0.0499	0.0196	0.1443	0.0654	0.0553	0.0398	0.0211	0.1892	0.3234	0.2643	0.0400	0.0206	1.3762	0.2421	0.2989	0.1149	0.0279	0.1136	0.3776	0.0802	0.0209	0.0824	0.0631	0.0671	0.0444	0.0339	0.2126	0.1128	0.1411	0.0218	0.0301	2.9860	0.2595	0.2365
2-Methylnaphthalene	0.0000	0.0000	0.0000	0.0000	0.0000	0.0000	0.0000	0.0000	0.0000	0.0000	0.0000	0.0000	0.0000	0.0000	0.0000	0.0038	0.0043	0.0000	0.0066	0.0053	0.0076	0.0034	0.0045	0.0053	0.0085	0.0000	0.0000	0.0000	0.0000	0.0000	0.0000	0.0000	0.0000	0.0000	0.0000	0.0000	0.0000	0.0000	0.0000	0.0000	0.0000	0.0000	0.0000	0.0000
2-Undecanone 	0.0000	0.0000	0.0000	0.0000	0.0000	0.0000	0.0000	0.0000	0.0000	0.0000	0.0000	0.0000	0.0000	0.0000	0.0000	0.1236	0.1592	0.1364	0.1883	0.1854	0.1293	0.0936	0.1126	0.0927	0.1114	0.0000	0.0000	0.0000	0.0000	0.0000	0.0000	0.0000	0.0000	0.0000	0.0000	0.0000	0.0000	0.0000	0.0000	0.0000	0.0000	0.0000	0.0000	0.0000
Tridecane	0.0659	0.0657	0.1400	0.0676	0.0670	0.0201	0.0176	0.1153	0.0286	0.0287	0.0254	0.0161	0.0138	0.0183	0.0203	0.0208	0.0235	0.0247	0.0488	0.0320	0.0444	0.0336	0.0413	0.0288	0.0380	0.0145	0.0211	0.0234	0.0306	0.0173	0.0207	0.0214	0.0271	0.0152	0.0238	0.0315	0.0224	0.0220	0.0188	0.0250	0.0346	0.0290	0.0250	0.0252
538	0.0596	0.0512	0.0582	0.0495	0.0428	0.0267	0.0223	0.0396	0.0381	0.0383	0.0535	0.0357	0.0273	0.0342	0.0324	0.0387	0.0499	0.0518	0.0856	0.0550	0.0785	0.0568	0.0822	0.0545	0.0716	0.0255	0.0265	0.0301	0.0331	0.0418	0.0414	0.0380	0.0456	0.0236	0.0343	0.0485	0.0348	0.0287	0.0304	0.0293	0.0550	0.0355	0.0304	0.0438
Undecanal 	0.0055	0.0069	0.0090	0.0063	0.0061	0.0041	0.0039	0.0066	0.0064	0.0074	0.0074	0.0043	0.0037	0.0050	0.0040	0.0044	0.0070	0.0054	0.0065	0.0069	0.0128	0.0083	0.0113	0.0085	0.0104	0.0037	0.0000	0.0069	0.0054	0.0050	0.0056	0.0057	0.0059	0.0032	0.0051	0.0070	0.0054	0.0045	0.0040	0.0036	0.0062	0.0068	0.0063	0.0077
524	0.0540	0.0655	0.0645	0.0652	0.0460	0.0250	0.0226	0.0222	0.0252	0.0355	0.0608	0.0325	0.0259	0.0330	0.0326	0.0403	0.0546	0.0641	0.1056	0.0675	0.0939	0.0745	0.0992	0.0607	0.0871	0.0209	0.0240	0.0279	0.0239	0.0408	0.0459	0.0360	0.0372	0.0219	0.0317	0.0483	0.0377	0.0273	0.0263	0.0212	0.0529	0.0381	0.0313	0.0512
525	0.0853	0.1119	0.1014	0.0905	0.0726	0.0559	0.0401	0.0618	0.0663	0.0887	0.0855	0.0556	0.0520	0.0569	0.0526	0.0486	0.0842	0.0689	0.1153	0.0808	0.1473	0.1132	0.1386	0.1071	0.1479	0.0486	0.0574	0.0560	0.0651	0.0706	0.0801	0.0613	0.0668	0.0409	0.0858	0.1045	0.0797	0.0553	0.0500	0.0466	0.0956	0.0756	0.0565	0.0895
526	0.0734	0.0720	0.0882	0.0804	0.0651	0.0504	0.0398	0.0586	0.0535	0.0565	0.0569	0.0397	0.0383	0.0402	0.0452	0.0450	0.0460	0.0459	0.0659	0.0509	0.1066	0.0788	0.1031	0.0774	0.0895	0.0305	0.0332	0.0290	0.0454	0.0460	0.0633	0.0520	0.0595	0.0309	0.0625	0.0874	0.0682	0.0483	0.0466	0.0481	0.0672	0.0484	0.0495	0.0564
330	0.0040	0.0059	0.0102	0.0043	0.0061	0.0071	0.0077	0.0072	0.0081	0.0111	0.0150	0.0141	0.0130	0.0090	0.0111	0.0045	0.0053	0.0041	0.0057	0.0055	0.0089	0.0046	0.0056	0.0044	0.0089	0.0211	0.0214	0.0177	0.0277	0.0243	0.0312	0.0277	0.0173	0.0232	0.0098	0.0098	0.0081	0.0064	0.0056	0.0064	0.0128	0.0130	0.0071	0.0104
1,2,3,4-Tetrahydro-2,7-dimethylnaphthalene	0.0000	0.0000	0.0000	0.0000	0.0000	0.0000	0.0000	0.0000	0.0000	0.0000	0.0074	0.0047	0.0054	0.0000	0.0049	0.0000	0.0061	0.0057	0.0060	0.0000	0.0000	0.0000	0.0000	0.0000	0.0000	0.0034	0.0037	0.0000	0.0000	0.0000	0.0000	0.0000	0.0000	0.0000	0.0000	0.0000	0.0000	0.0000	0.0000	0.0000	0.0000	0.0000	0.0000	0.0000
5-Phenyl-2-pentanone	0.0926	0.1011	0.1585	0.1135	0.1014	0.0000	0.0000	0.0000	0.0000	0.0000	0.0000	0.0000	0.0000	0.0000	0.0000	0.0158	0.0148	0.0131	0.0232	0.0176	0.0000	0.0000	0.0000	0.0000	0.0000	0.0000	0.0000	0.0000	0.0000	0.0000	0.0000	0.0000	0.0000	0.0000	0.0000	0.0062	0.0000	0.0053	0.0035	0.0000	0.0000	0.0000	0.0000	0.0000
Propanoic acid, 2-methyl-, 2,2-dimethyl-1-(2-hydroxy-1-methylethyl)propyl ester	0.0328	0.0425	0.1017	0.0486	0.0403	0.0272	0.0250	0.0446	0.0474	0.0297	0.0510	0.0452	0.0285	0.0332	0.0346	0.0475	0.0345	0.0347	0.0724	0.0524	0.0439	0.0398	0.1207	0.0403	0.0847	0.0773	0.0420	0.1204	0.0884	0.0426	0.0511	0.0803	0.0598	0.0449	0.0522	0.0461	0.0447	0.0510	0.0599	0.0220	0.0379	0.0920	0.0519	0.0620
3-Methyltridecane	0.0933	0.0510	0.0713	0.1107	0.0392	0.0411	0.0191	0.0752	0.0615	0.0283	0.0303	0.0171	0.0202	0.0454	0.0436	0.0265	0.0213	0.0398	0.0419	0.0309	0.0643	0.0969	0.1333	0.0355	0.0552	0.0262	0.0203	0.0224	0.0231	0.0338	0.0319	0.0426	0.0786	0.0241	0.0396	0.0689	0.0457	0.0530	0.0558	0.0568	0.0501	0.0345	0.0682	0.0469
Propanoic acid, 2-methyl-, 3-hydroxy-2,4,4-trimethylpentyl ester	0.0521	0.0774	0.2224	0.0533	0.0517	0.0446	0.0358	0.1319	0.0520	0.0550	0.0690	0.0722	0.0414	0.0428	0.0400	0.0709	0.0486	0.0522	0.1190	0.0654	0.0663	0.0779	0.1753	0.0732	0.1254	0.1084	0.0532	0.1390	0.1180	0.0455	0.0923	0.1634	0.1151	0.0592	0.0758	0.0657	0.0567	0.0708	0.0873	0.0364	0.0797	0.1486	0.0756	0.0832
Tetradecane	0.2010	0.1404	0.1799	0.1980	0.1087	0.1142	0.0570	0.1639	0.1351	0.1029	0.1118	0.0704	0.0667	0.1085	0.0979	0.0944	0.0962	0.1395	0.1130	0.1264	0.1268	0.2004	0.2667	0.1070	0.1387	0.0970	0.0646	0.0783	0.0841	0.0665	0.0754	0.1466	0.1924	0.0603	0.1088	0.1064	0.0876	0.1008	0.1285	0.1003	0.1331	0.0938	0.1181	0.1216
539	0.0315	0.0298	0.0273	0.0296	0.0239	0.0163	0.0130	0.0245	0.0203	0.0180	0.0388	0.0253	0.0250	0.0218	0.0235	0.0210	0.0317	0.0304	0.0360	0.0250	0.0417	0.0359	0.0416	0.0326	0.0335	0.0970	0.0819	0.0908	0.1002	0.0281	0.0359	0.0443	0.0524	0.0179	0.0384	0.0464	0.0368	0.0364	0.0423	0.0396	0.0348	0.0312	0.0468	0.0367
527	0.0873	0.0832	0.0605	0.0713	0.0334	0.0240	0.0136	0.0257	0.0033	0.0285	0.0743	0.0235	0.0303	0.0498	0.0340	0.0322	0.0430	0.0643	0.0790	0.0534	0.0842	0.0781	0.0997	0.0481	0.0672	0.0185	0.0249	0.0318	0.0251	0.0401	0.0422	0.0222	0.0684	0.0126	0.0362	0.0476	0.0434	0.0306	0.0286	0.0413	0.0775	0.0327	0.0489	0.0469
540	0.0633	0.0648	0.0626	0.0622	0.0000	0.0247	0.0000	0.0443	0.0395	0.0266	0.0515	0.0141	0.0215	0.0379	0.0378	0.0236	0.0281	0.0269	0.0354	0.0387	0.0552	0.0567	0.0798	0.0466	0.0548	0.0000	0.0000	0.0000	0.0000	0.0274	0.0329	0.0258	0.0378	0.0000	0.0310	0.0370	0.0316	0.0230	0.0279	0.0402	0.0566	0.0255	0.0516	0.0437
541	0.0320	0.0293	0.0324	0.0339	0.0185	0.0135	0.0000	0.0243	0.0209	0.0140	0.0310	0.0104	0.0147	0.0199	0.0171	0.0161	0.0171	0.0166	0.0229	0.0176	0.0287	0.0293	0.0383	0.0228	0.0343	0.0163	0.0161	0.0194	0.0116	0.0199	0.0219	0.0147	0.0237	0.0051	0.0137	0.0203	0.0217	0.0152	0.0139	0.0207	0.0311	0.0184	0.0241	0.0238
542	0.0606	0.0508	0.0602	0.0773	0.0367	0.0361	0.0143	0.0425	0.0452	0.0294	0.0412	0.0214	0.0209	0.0387	0.0374	0.0265	0.0293	0.0300	0.0511	0.0376	0.0562	0.0654	0.0914	0.0384	0.0504	0.0215	0.0260	0.0220	0.0263	0.0228	0.0295	0.0275	0.0550	0.0161	0.0332	0.0490	0.0398	0.0338	0.0308	0.0432	0.0341	0.0318	0.0521	0.0431
528	0.1077	0.1101	0.0699	0.1090	0.0507	0.0382	0.0267	0.0712	0.0449	0.0495	0.1202	0.0538	0.0494	0.0711	0.0696	0.0508	0.0626	0.0497	0.0781	0.0647	0.1121	0.1156	0.1486	0.0842	0.1265	0.0244	0.0413	0.0396	0.0319	0.0691	0.0804	0.0381	0.0959	0.0161	0.0522	0.0900	0.0708	0.0448	0.0375	0.0565	0.1161	0.0517	0.0666	0.0884
529	0.0602	0.0506	0.0514	0.0468	0.0300	0.0246	0.0104	0.0413	0.0285	0.0300	0.0456	0.0279	0.0274	0.0343	0.0412	0.0250	0.0328	0.0371	0.0275	0.0423	0.0504	0.0598	0.0704	0.0420	0.0590	0.0150	0.0142	0.0344	0.0222	0.0318	0.0381	0.0243	0.0338	0.0121	0.0306	0.0517	0.0375	0.0264	0.0213	0.0257	0.0499	0.0254	0.0408	0.0448
530	0.1594	0.1755	0.1616	0.1664	0.0962	0.0726	0.0208	0.1174	0.0898	0.0903	0.2094	0.0840	0.0836	0.1221	0.1081	0.0916	0.1436	0.1389	0.2061	0.1553	0.2094	0.1821	0.2381	0.1340	0.1644	0.0449	0.0637	0.0673	0.0481	0.1144	0.1091	0.0726	0.1220	0.0247	0.0819	0.1678	0.0908	0.0698	0.0736	0.0997	0.1861	0.0825	0.1206	0.1441
531	0.0758	0.0675	0.0735	0.0646	0.0415	0.0364	0.0213	0.0501	0.0359	0.0407	0.0537	0.0365	0.0333	0.0379	0.0378	0.0353	0.0531	0.0483	0.0771	0.0585	0.0754	0.0701	0.0802	0.0501	0.0741	0.0211	0.0366	0.0404	0.0312	0.0416	0.0498	0.0365	0.0399	0.0196	0.0405	0.0652	0.0479	0.0323	0.0311	0.0379	0.0652	0.0345	0.0477	0.0610
Dodecanol	0.0000	0.0000	0.0000	0.0000	0.0000	0.0000	0.0000	0.0000	0.0000	0.0000	0.0195	0.0227	0.0121	0.0140	0.0130	0.0184	0.0200	0.0086	0.0366	0.0200	0.0208	0.0148	0.0206	0.0146	0.0155	0.0172	0.0143	0.0184	0.0186	0.0185	0.0216	0.0264	0.0263	0.0086	0.0182	0.0144	0.0127	0.0115	0.0108	0.0110	0.0237	0.0186	0.0162	0.0176
532	0.0489	0.0435	0.0643	0.0489	0.0310	0.0225	0.0248	0.0446	0.0000	0.0232	0.0641	0.0278	0.0375	0.0285	0.0275	0.0299	0.0408	0.0315	0.0655	0.0422	0.0497	0.0432	0.0699	0.0468	0.0580	0.0135	0.0236	0.0426	0.0251	0.0335	0.0380	0.0320	0.0492	0.0000	0.0320	0.0525	0.0321	0.0261	0.0258	0.0264	0.0461	0.0297	0.0350	0.0402
533	0.0995	0.0939	0.0634	0.0883	0.0502	0.0379	0.0102	0.0598	0.0527	0.0464	0.0926	0.0427	0.0438	0.0593	0.0594	0.0458	0.0617	0.0569	0.1003	0.0507	0.1079	0.0645	0.1105	0.0645	0.1029	0.0237	0.0489	0.0368	0.0320	0.0672	0.0556	0.0367	0.0487	0.0102	0.0434	0.0841	0.0506	0.0366	0.0335	0.0494	0.0887	0.0454	0.0616	0.0721
543	0.0655	0.0677	0.0698	0.0657	0.0422	0.0363	0.0122	0.0525	0.0309	0.0293	0.0818	0.0408	0.0319	0.0437	0.0377	0.0419	0.0493	0.0523	0.0513	0.0531	0.0702	0.0511	0.0736	0.0536	0.0698	0.0220	0.0366	0.0388	0.0255	0.0357	0.0359	0.0282	0.0386	0.0118	0.0375	0.0627	0.0498	0.0340	0.0279	0.0381	0.0554	0.0316	0.0486	0.0537
544	0.1235	0.1330	0.1244	0.1049	0.0736	0.0490	0.0218	0.0865	0.0647	0.0611	0.1279	0.0633	0.0618	0.0814	0.0707	0.0640	0.0766	0.0831	0.0866	0.0754	0.1310	0.1069	0.1398	0.0803	0.1393	0.0327	0.0709	0.0483	0.0470	0.0806	0.0765	0.0517	0.0960	0.0178	0.0579	0.1208	0.0735	0.0509	0.0475	0.0697	0.1215	0.0627	0.0842	0.0928
545	0.2602	0.2689	0.2404	0.2639	0.1646	0.1180	0.0545	0.1863	0.1453	0.1635	0.2465	0.1478	0.1552	0.1714	0.1682	0.1276	0.2062	0.1940	0.2945	0.2359	0.2752	0.2633	0.3017	0.2060	0.3197	0.0783	0.1524	0.1667	0.1136	0.1834	0.2251	0.1436	0.1125	0.0532	0.1694	0.2718	0.1827	0.1324	0.1049	0.1358	0.2500	0.1223	0.1619	0.2195
delta-Decalactone	0.0703	0.0595	0.0594	0.0557	0.0341	0.0000	0.0000	0.0000	0.0000	0.0000	0.0245	0.0000	0.0229	0.0213	0.0202	0.0300	0.0401	0.0301	0.0610	0.0449	0.0626	0.0644	0.0771	0.0487	0.0794	0.0000	0.0334	0.0424	0.0171	0.0445	0.0527	0.0243	0.0467	0.0000	0.0383	0.0652	0.0402	0.0207	0.0195	0.0304	0.0572	0.0233	0.0436	0.0471
Pentadecane	0.2340	0.2358	0.1946	0.2444	0.1477	0.0495	0.0291	0.0897	0.0727	0.0565	0.0960	0.0633	0.0586	0.0657	0.0560	0.0645	0.0722	0.0711	0.0901	0.0663	0.1017	0.0900	0.1172	0.0839	0.0884	0.0510	0.0629	0.0685	0.0586	0.0691	0.0630	0.0552	0.0584	0.0377	0.0801	0.0877	0.0609	0.0575	0.0597	0.0659	0.1084	0.0774	0.0920	0.0861
2,4-bis(1,1-Dimethylethyl)phenol	0.0000	0.0000	0.0000	0.0000	0.0000	0.0111	0.0120	0.0142	0.0145	0.0147	0.0000	0.0000	0.0000	0.0000	0.0000	0.0000	0.0000	0.0000	0.0000	0.0000	0.0160	0.0000	0.0000	0.0121	0.0191	0.0091	0.0071	0.0098	0.0134	0.0000	0.0000	0.0000	0.0000	0.0000	0.0000	0.0000	0.0000	0.0000	0.0000	0.0000	0.0000	0.0000	0.0000	0.0000
534	0.0798	0.0746	0.0834	0.0831	0.0548	0.0435	0.0193	0.0656	0.0548	0.0560	0.0514	0.0519	0.0456	0.0536	0.0546	0.0279	0.0287	0.0270	0.0340	0.0267	0.0579	0.0360	0.0589	0.0456	0.0518	0.0316	0.0386	0.0435	0.0408	0.0386	0.0504	0.0408	0.0384	0.0186	0.0333	0.0422	0.0268	0.0282	0.0202	0.0275	0.0392	0.0306	0.0337	0.0320
184	0.0207	0.0197	0.0235	0.0215	0.0149	0.0153	0.0062	0.0241	0.0249	0.0199	0.0321	0.0190	0.0183	0.0216	0.0226	0.0177	0.0213	0.0195	0.0259	0.0235	0.0436	0.0343	0.0336	0.0260	0.0387	0.0148	0.0178	0.0223	0.0173	0.0216	0.0197	0.0173	0.0246	0.0066	0.0201	0.0291	0.0241	0.0157	0.0161	0.0179	0.0338	0.0187	0.0242	0.0242
Ethyl 4-ethoxybenzoate	0.0219	0.0217	0.0395	0.0321	0.0285	0.0160	0.0218	0.0382	0.0346	0.0307	0.0239	0.0240	0.0224	0.0224	0.0263	0.0260	0.0326	0.0257	0.0471	0.0353	0.0362	0.0307	0.0409	0.0329	0.0404	0.0476	0.0403	0.0499	0.0801	0.0298	0.0298	0.0380	0.0282	0.0244	0.0332	0.0302	0.0362	0.0251	0.0276	0.0527	0.1005	0.0600	0.0316	0.0321
2-Hexyl-1-decanol	0.0774	0.0648	0.0730	0.0906	0.0602	0.0508	0.0201	0.0776	0.0661	0.0606	0.0735	0.0544	0.0465	0.0552	0.0651	0.0674	0.0693	0.0571	0.0842	0.0722	0.0916	0.0731	0.0995	0.0712	0.0877	0.0365	0.0446	0.0672	0.0482	0.0636	0.0638	0.0568	0.0723	0.0204	0.0630	0.0609	0.0635	0.0599	0.0481	0.0490	0.0705	0.0504	0.0536	0.0684
535	0.1604	0.1657	0.1828	0.1800	0.1326	0.0861	0.0495	0.1203	0.1043	0.1073	0.1623	0.1117	0.0991	0.1259	0.1246	0.1053	0.1118	0.0899	0.1219	0.1365	0.2031	0.1538	0.1566	0.1474	0.1794	0.0630	0.1063	0.1298	0.0843	0.1192	0.1431	0.1051	0.1170	0.0558	0.1123	0.1550	0.1119	0.1039	0.0759	0.1111	0.1336	0.1075	0.1129	0.1307
546	0.0654	0.0624	0.0818	0.0662	0.0494	0.0390	0.0175	0.0503	0.0510	0.0444	0.0589	0.0425	0.0396	0.0446	0.0491	0.0377	0.0451	0.0366	0.0555	0.0546	0.0866	0.0540	0.0639	0.0487	0.0640	0.0339	0.0421	0.0506	0.0419	0.0520	0.0541	0.0495	0.0461	0.0202	0.0483	0.0589	0.0463	0.0392	0.0382	0.0353	0.0588	0.0397	0.0497	0.0497
547	0.0437	0.0372	0.0630	0.0430	0.0352	0.0285	0.0156	0.0243	0.0259	0.0305	0.0339	0.0262	0.0230	0.0292	0.0323	0.0264	0.0272	0.0253	0.0272	0.0302	0.0433	0.0426	0.0324	0.0372	0.0674	0.0261	0.0290	0.0320	0.0268	0.0276	0.0266	0.0288	0.0278	0.0244	0.0306	0.0383	0.0376	0.0236	0.0295	0.0228	0.0395	0.0263	0.0314	0.0329
Propanoic acid, 2-methyl-, 1-(1,1-dimethylethyl)-2-methyl-1,3-propanediyl ester	0.0163	0.0238	0.1324	0.0274	0.0256	0.0111	0.0000	0.0478	0.0261	0.0000	0.0468	0.0426	0.0183	0.0161	0.0200	0.0430	0.0531	0.0000	0.0382	0.0853	0.0000	0.0286	0.0975	0.0431	0.0741	0.0563	0.0192	0.0583	0.0504	0.0350	0.0391	0.0928	0.0618	0.0399	0.0401	0.0237	0.0381	0.0286	0.0522	0.0221	0.0258	0.1108	0.0444	0.0380
Hexadecane	0.0245	0.0278	0.0772	0.0359	0.0367	0.0261	0.0268	0.0427	0.0444	0.0400	0.0296	0.0288	0.0253	0.0273	0.0247	0.0303	0.0337	0.0262	0.0423	0.0389	0.0422	0.0312	0.0482	0.0417	0.0367	0.0329	0.0242	0.0472	0.0411	0.0255	0.0335	0.0486	0.0355	0.0260	0.0333	0.0295	0.0295	0.0298	0.0350	0.0270	0.0328	0.0470	0.0313	0.0367
370	0.0048	0.0070	0.0157	0.0115	0.0102	0.0064	0.0097	0.0087	0.0123	0.0105	0.0072	0.0100	0.0086	0.0087	0.0102	0.0140	0.0131	0.0072	0.0187	0.0136	0.0119	0.0000	0.0152	0.0119	0.0113	0.0132	0.0096	0.0174	0.0140	0.0084	0.0086	0.0152	0.0079	0.0076	0.0111	0.0067	0.0047	0.0062	0.0080	0.0052	0.0055	0.0122	0.0061	0.0079
Heptadecane	0.0166	0.0218	0.0747	0.0249	0.0350	0.0211	0.0236	0.0386	0.0333	0.0268	0.0277	0.0277	0.0200	0.0182	0.0188	0.0243	0.0282	0.0242	0.0334	0.0330	0.0345	0.0240	0.0340	0.0242	0.0243	0.0318	0.0293	0.0298	0.0525	0.0229	0.0378	0.0530	0.0351	0.0283	0.0422	0.0271	0.0236	0.0274	0.0249	0.0198	0.0294	0.0417	0.0307	0.0254
Octadecane	0.0000	0.0060	0.0555	0.0073	0.0104	0.0043	0.0134	0.0147	0.0176	0.0134	0.0060	0.0097	0.0075	0.0070	0.0048	0.0092	0.0127	0.0082	0.0198	0.0157	0.0108	0.0067	0.0209	0.0125	0.0107	0.0089	0.0086	0.0218	0.0183	0.0068	0.0184	0.0199	0.0194	0.0095	0.0222	0.0081	0.0071	0.0109	0.0104	0.0061	0.0095	0.0177	0.0103	0.0102
